00000000 000001 0 1 0
00000000 000001 0 0 0
00000001 000001 0 1 1
00000001 000001 0 0 1
ffffffff 000001 0 1 0
ffffffff 000001 0 0 -1
0000007e 000001 0 1 126
0000007e 000001 0 0 126
0000007f 000001 0 1 127
0000007f 000001 0 0 127
00000080 000001 0 1 127
00000080 000001 0 0 127
ffffff80 000001 0 1 0
ffffff80 000001 0 0 -128
ffffff7f 000001 0 1 0
ffffff7f 000001 0 0 -128
000003e8 000001 0 1 127
000003e8 000001 0 0 127
7fffffff 000001 0 1 127
7fffffff 000001 0 0 127
80000000 000001 0 1 0
80000000 000001 0 0 -128
00000001 000001 1 1 1
00000001 000001 1 0 1
00000000 000001 1 1 0
00000002 000001 1 1 1
00000003 000001 1 1 2
00000003 000001 1 0 2
00000002 000001 1 1 1
00000004 000001 1 1 2
00000005 000001 1 1 3
00000005 000001 1 0 3
00000004 000001 1 1 2
00000006 000001 1 1 3
ffffffff 000001 1 1 0
ffffffff 000001 1 0 0
fffffffe 000001 1 1 0
00000000 000001 1 1 0
fffffffd 000001 1 1 0
fffffffd 000001 1 0 -1
fffffffc 000001 1 1 0
fffffffe 000001 1 1 0
0000007f 000001 1 1 64
0000007f 000001 1 0 64
0000007e 000001 1 1 63
00000080 000001 1 1 64
00000081 000001 1 1 65
00000081 000001 1 0 65
00000080 000001 1 1 64
00000082 000001 1 1 65
00000002 000001 2 1 1
00000002 000001 2 0 1
00000001 000001 2 1 0
00000003 000001 2 1 1
00000006 000001 2 1 2
00000006 000001 2 0 2
00000005 000001 2 1 1
00000007 000001 2 1 2
0000000a 000001 2 1 3
0000000a 000001 2 0 3
00000009 000001 2 1 2
0000000b 000001 2 1 3
fffffffe 000001 2 1 0
fffffffe 000001 2 0 0
fffffffd 000001 2 1 0
ffffffff 000001 2 1 0
fffffffa 000001 2 1 0
fffffffa 000001 2 0 -1
fffffff9 000001 2 1 0
fffffffb 000001 2 1 0
000000fe 000001 2 1 64
000000fe 000001 2 0 64
000000fd 000001 2 1 63
000000ff 000001 2 1 64
00000102 000001 2 1 65
00000102 000001 2 0 65
00000101 000001 2 1 64
00000103 000001 2 1 65
00000080 000001 8 1 1
00000080 000001 8 0 1
0000007f 000001 8 1 0
00000081 000001 8 1 1
00000180 000001 8 1 2
00000180 000001 8 0 2
0000017f 000001 8 1 1
00000181 000001 8 1 2
00000280 000001 8 1 3
00000280 000001 8 0 3
0000027f 000001 8 1 2
00000281 000001 8 1 3
ffffff80 000001 8 1 0
ffffff80 000001 8 0 0
ffffff7f 000001 8 1 0
ffffff81 000001 8 1 0
fffffe80 000001 8 1 0
fffffe80 000001 8 0 -1
fffffe7f 000001 8 1 0
fffffe81 000001 8 1 0
00003f80 000001 8 1 64
00003f80 000001 8 0 64
00003f7f 000001 8 1 63
00003f81 000001 8 1 64
00004080 000001 8 1 65
00004080 000001 8 0 65
0000407f 000001 8 1 64
00004081 000001 8 1 65
00008000 000001 16 1 1
00008000 000001 16 0 1
00007fff 000001 16 1 0
00008001 000001 16 1 1
00018000 000001 16 1 2
00018000 000001 16 0 2
00017fff 000001 16 1 1
00018001 000001 16 1 2
00028000 000001 16 1 3
00028000 000001 16 0 3
00027fff 000001 16 1 2
00028001 000001 16 1 3
ffff8000 000001 16 1 0
ffff8000 000001 16 0 0
ffff7fff 000001 16 1 0
ffff8001 000001 16 1 0
fffe8000 000001 16 1 0
fffe8000 000001 16 0 -1
fffe7fff 000001 16 1 0
fffe8001 000001 16 1 0
003f8000 000001 16 1 64
003f8000 000001 16 0 64
003f7fff 000001 16 1 63
003f8001 000001 16 1 64
00408000 000001 16 1 65
00408000 000001 16 0 65
00407fff 000001 16 1 64
00408001 000001 16 1 65
40000000 000001 31 1 1
40000000 000001 31 0 1
3fffffff 000001 31 1 0
40000001 000001 31 1 1
c0000000 000001 31 1 0
c0000000 000001 31 0 0
bfffffff 000001 31 1 0
c0000001 000001 31 1 0
40000000 000001 31 1 1
40000000 000001 31 0 1
3fffffff 000001 31 1 0
40000001 000001 31 1 1
c0000000 000001 31 1 0
c0000000 000001 31 0 0
bfffffff 000001 31 1 0
c0000001 000001 31 1 0
40000000 000001 31 1 1
40000000 000001 31 0 1
3fffffff 000001 31 1 0
40000001 000001 31 1 1
c0000000 000001 31 1 0
c0000000 000001 31 0 0
bfffffff 000001 31 1 0
c0000001 000001 31 1 0
40000000 000001 31 1 1
40000000 000001 31 0 1
3fffffff 000001 31 1 0
40000001 000001 31 1 1
00000000 000001 0 1 0
00000000 000001 0 0 0
00000001 000001 0 1 1
00000001 000001 0 0 1
ffffffff 000001 0 1 0
ffffffff 000001 0 0 -1
000000ff 000001 0 1 127
000000ff 000001 0 0 127
ffffff01 000001 0 1 0
ffffff01 000001 0 0 -128
00100000 000001 0 1 127
00100000 000001 0 0 127
fff00000 000001 0 1 0
fff00000 000001 0 0 -128
7fffffff 000001 0 1 127
7fffffff 000001 0 0 127
80000000 000001 0 1 0
80000000 000001 0 0 -128
00000000 000001 1 1 0
00000000 000001 1 0 0
00000001 000001 1 1 1
00000001 000001 1 0 1
ffffffff 000001 1 1 0
ffffffff 000001 1 0 0
000000ff 000001 1 1 127
000000ff 000001 1 0 127
ffffff01 000001 1 1 0
ffffff01 000001 1 0 -127
00100000 000001 1 1 127
00100000 000001 1 0 127
fff00000 000001 1 1 0
fff00000 000001 1 0 -128
7fffffff 000001 1 1 127
7fffffff 000001 1 0 127
80000000 000001 1 1 0
80000000 000001 1 0 -128
00000000 000001 15 1 0
00000000 000001 15 0 0
00000001 000001 15 1 0
00000001 000001 15 0 0
ffffffff 000001 15 1 0
ffffffff 000001 15 0 0
000000ff 000001 15 1 0
000000ff 000001 15 0 0
ffffff01 000001 15 1 0
ffffff01 000001 15 0 0
00100000 000001 15 1 32
00100000 000001 15 0 32
fff00000 000001 15 1 0
fff00000 000001 15 0 -32
7fffffff 000001 15 1 127
7fffffff 000001 15 0 127
80000000 000001 15 1 0
80000000 000001 15 0 -128
00000000 000001 23 1 0
00000000 000001 23 0 0
00000001 000001 23 1 0
00000001 000001 23 0 0
ffffffff 000001 23 1 0
ffffffff 000001 23 0 0
000000ff 000001 23 1 0
000000ff 000001 23 0 0
ffffff01 000001 23 1 0
ffffff01 000001 23 0 0
00100000 000001 23 1 0
00100000 000001 23 0 0
fff00000 000001 23 1 0
fff00000 000001 23 0 0
7fffffff 000001 23 1 127
7fffffff 000001 23 0 127
80000000 000001 23 1 0
80000000 000001 23 0 -128
00000000 000001 31 1 0
00000000 000001 31 0 0
00000001 000001 31 1 0
00000001 000001 31 0 0
ffffffff 000001 31 1 0
ffffffff 000001 31 0 0
000000ff 000001 31 1 0
000000ff 000001 31 0 0
ffffff01 000001 31 1 0
ffffff01 000001 31 0 0
00100000 000001 31 1 0
00100000 000001 31 0 0
fff00000 000001 31 1 0
fff00000 000001 31 0 0
7fffffff 000001 31 1 1
7fffffff 000001 31 0 1
80000000 000001 31 1 0
80000000 000001 31 0 -1
00000000 000002 0 1 0
00000000 000002 0 0 0
00000001 000002 0 1 2
00000001 000002 0 0 2
ffffffff 000002 0 1 0
ffffffff 000002 0 0 -2
000000ff 000002 0 1 127
000000ff 000002 0 0 127
ffffff01 000002 0 1 0
ffffff01 000002 0 0 -128
00100000 000002 0 1 127
00100000 000002 0 0 127
fff00000 000002 0 1 0
fff00000 000002 0 0 -128
7fffffff 000002 0 1 127
7fffffff 000002 0 0 127
80000000 000002 0 1 0
80000000 000002 0 0 -128
00000000 000002 1 1 0
00000000 000002 1 0 0
00000001 000002 1 1 1
00000001 000002 1 0 1
ffffffff 000002 1 1 0
ffffffff 000002 1 0 -1
000000ff 000002 1 1 127
000000ff 000002 1 0 127
ffffff01 000002 1 1 0
ffffff01 000002 1 0 -128
00100000 000002 1 1 127
00100000 000002 1 0 127
fff00000 000002 1 1 0
fff00000 000002 1 0 -128
7fffffff 000002 1 1 127
7fffffff 000002 1 0 127
80000000 000002 1 1 0
80000000 000002 1 0 -128
00000000 000002 15 1 0
00000000 000002 15 0 0
00000001 000002 15 1 0
00000001 000002 15 0 0
ffffffff 000002 15 1 0
ffffffff 000002 15 0 0
000000ff 000002 15 1 0
000000ff 000002 15 0 0
ffffff01 000002 15 1 0
ffffff01 000002 15 0 0
00100000 000002 15 1 64
00100000 000002 15 0 64
fff00000 000002 15 1 0
fff00000 000002 15 0 -64
7fffffff 000002 15 1 127
7fffffff 000002 15 0 127
80000000 000002 15 1 0
80000000 000002 15 0 -128
00000000 000002 23 1 0
00000000 000002 23 0 0
00000001 000002 23 1 0
00000001 000002 23 0 0
ffffffff 000002 23 1 0
ffffffff 000002 23 0 0
000000ff 000002 23 1 0
000000ff 000002 23 0 0
ffffff01 000002 23 1 0
ffffff01 000002 23 0 0
00100000 000002 23 1 0
00100000 000002 23 0 0
fff00000 000002 23 1 0
fff00000 000002 23 0 0
7fffffff 000002 23 1 127
7fffffff 000002 23 0 127
80000000 000002 23 1 0
80000000 000002 23 0 -128
00000000 000002 31 1 0
00000000 000002 31 0 0
00000001 000002 31 1 0
00000001 000002 31 0 0
ffffffff 000002 31 1 0
ffffffff 000002 31 0 0
000000ff 000002 31 1 0
000000ff 000002 31 0 0
ffffff01 000002 31 1 0
ffffff01 000002 31 0 0
00100000 000002 31 1 0
00100000 000002 31 0 0
fff00000 000002 31 1 0
fff00000 000002 31 0 0
7fffffff 000002 31 1 2
7fffffff 000002 31 0 2
80000000 000002 31 1 0
80000000 000002 31 0 -2
00000000 ffffff 0 1 0
00000000 ffffff 0 0 0
00000001 ffffff 0 1 127
00000001 ffffff 0 0 127
ffffffff ffffff 0 1 0
ffffffff ffffff 0 0 -128
000000ff ffffff 0 1 127
000000ff ffffff 0 0 127
ffffff01 ffffff 0 1 0
ffffff01 ffffff 0 0 -128
00100000 ffffff 0 1 127
00100000 ffffff 0 0 127
fff00000 ffffff 0 1 0
fff00000 ffffff 0 0 -128
7fffffff ffffff 0 1 127
7fffffff ffffff 0 0 127
80000000 ffffff 0 1 0
80000000 ffffff 0 0 -128
00000000 ffffff 1 1 0
00000000 ffffff 1 0 0
00000001 ffffff 1 1 127
00000001 ffffff 1 0 127
ffffffff ffffff 1 1 0
ffffffff ffffff 1 0 -128
000000ff ffffff 1 1 127
000000ff ffffff 1 0 127
ffffff01 ffffff 1 1 0
ffffff01 ffffff 1 0 -128
00100000 ffffff 1 1 127
00100000 ffffff 1 0 127
fff00000 ffffff 1 1 0
fff00000 ffffff 1 0 -128
7fffffff ffffff 1 1 127
7fffffff ffffff 1 0 127
80000000 ffffff 1 1 0
80000000 ffffff 1 0 -128
00000000 ffffff 15 1 0
00000000 ffffff 15 0 0
00000001 ffffff 15 1 127
00000001 ffffff 15 0 127
ffffffff ffffff 15 1 0
ffffffff ffffff 15 0 -128
000000ff ffffff 15 1 127
000000ff ffffff 15 0 127
ffffff01 ffffff 15 1 0
ffffff01 ffffff 15 0 -128
00100000 ffffff 15 1 127
00100000 ffffff 15 0 127
fff00000 ffffff 15 1 0
fff00000 ffffff 15 0 -128
7fffffff ffffff 15 1 127
7fffffff ffffff 15 0 127
80000000 ffffff 15 1 0
80000000 ffffff 15 0 -128
00000000 ffffff 23 1 0
00000000 ffffff 23 0 0
00000001 ffffff 23 1 2
00000001 ffffff 23 0 2
ffffffff ffffff 23 1 0
ffffffff ffffff 23 0 -2
000000ff ffffff 23 1 127
000000ff ffffff 23 0 127
ffffff01 ffffff 23 1 0
ffffff01 ffffff 23 0 -128
00100000 ffffff 23 1 127
00100000 ffffff 23 0 127
fff00000 ffffff 23 1 0
fff00000 ffffff 23 0 -128
7fffffff ffffff 23 1 127
7fffffff ffffff 23 0 127
80000000 ffffff 23 1 0
80000000 ffffff 23 0 -128
00000000 ffffff 31 1 0
00000000 ffffff 31 0 0
00000001 ffffff 31 1 0
00000001 ffffff 31 0 0
ffffffff ffffff 31 1 0
ffffffff ffffff 31 0 0
000000ff ffffff 31 1 2
000000ff ffffff 31 0 2
ffffff01 ffffff 31 1 0
ffffff01 ffffff 31 0 -2
00100000 ffffff 31 1 127
00100000 ffffff 31 0 127
fff00000 ffffff 31 1 0
fff00000 ffffff 31 0 -128
7fffffff ffffff 31 1 127
7fffffff ffffff 31 0 127
80000000 ffffff 31 1 0
80000000 ffffff 31 0 -128
00000000 800000 0 1 0
00000000 800000 0 0 0
00000001 800000 0 1 127
00000001 800000 0 0 127
ffffffff 800000 0 1 0
ffffffff 800000 0 0 -128
000000ff 800000 0 1 127
000000ff 800000 0 0 127
ffffff01 800000 0 1 0
ffffff01 800000 0 0 -128
00100000 800000 0 1 127
00100000 800000 0 0 127
fff00000 800000 0 1 0
fff00000 800000 0 0 -128
7fffffff 800000 0 1 127
7fffffff 800000 0 0 127
80000000 800000 0 1 0
80000000 800000 0 0 -128
00000000 800000 1 1 0
00000000 800000 1 0 0
00000001 800000 1 1 127
00000001 800000 1 0 127
ffffffff 800000 1 1 0
ffffffff 800000 1 0 -128
000000ff 800000 1 1 127
000000ff 800000 1 0 127
ffffff01 800000 1 1 0
ffffff01 800000 1 0 -128
00100000 800000 1 1 127
00100000 800000 1 0 127
fff00000 800000 1 1 0
fff00000 800000 1 0 -128
7fffffff 800000 1 1 127
7fffffff 800000 1 0 127
80000000 800000 1 1 0
80000000 800000 1 0 -128
00000000 800000 15 1 0
00000000 800000 15 0 0
00000001 800000 15 1 127
00000001 800000 15 0 127
ffffffff 800000 15 1 0
ffffffff 800000 15 0 -128
000000ff 800000 15 1 127
000000ff 800000 15 0 127
ffffff01 800000 15 1 0
ffffff01 800000 15 0 -128
00100000 800000 15 1 127
00100000 800000 15 0 127
fff00000 800000 15 1 0
fff00000 800000 15 0 -128
7fffffff 800000 15 1 127
7fffffff 800000 15 0 127
80000000 800000 15 1 0
80000000 800000 15 0 -128
00000000 800000 23 1 0
00000000 800000 23 0 0
00000001 800000 23 1 1
00000001 800000 23 0 1
ffffffff 800000 23 1 0
ffffffff 800000 23 0 -1
000000ff 800000 23 1 127
000000ff 800000 23 0 127
ffffff01 800000 23 1 0
ffffff01 800000 23 0 -128
00100000 800000 23 1 127
00100000 800000 23 0 127
fff00000 800000 23 1 0
fff00000 800000 23 0 -128
7fffffff 800000 23 1 127
7fffffff 800000 23 0 127
80000000 800000 23 1 0
80000000 800000 23 0 -128
00000000 800000 31 1 0
00000000 800000 31 0 0
00000001 800000 31 1 0
00000001 800000 31 0 0
ffffffff 800000 31 1 0
ffffffff 800000 31 0 0
000000ff 800000 31 1 1
000000ff 800000 31 0 1
ffffff01 800000 31 1 0
ffffff01 800000 31 0 -1
00100000 800000 31 1 127
00100000 800000 31 0 127
fff00000 800000 31 1 0
fff00000 800000 31 0 -128
7fffffff 800000 31 1 127
7fffffff 800000 31 0 127
80000000 800000 31 1 0
80000000 800000 31 0 -128
00000000 003039 0 1 0
00000000 003039 0 0 0
00000001 003039 0 1 127
00000001 003039 0 0 127
ffffffff 003039 0 1 0
ffffffff 003039 0 0 -128
000000ff 003039 0 1 127
000000ff 003039 0 0 127
ffffff01 003039 0 1 0
ffffff01 003039 0 0 -128
00100000 003039 0 1 127
00100000 003039 0 0 127
fff00000 003039 0 1 0
fff00000 003039 0 0 -128
7fffffff 003039 0 1 127
7fffffff 003039 0 0 127
80000000 003039 0 1 0
80000000 003039 0 0 -128
00000000 003039 1 1 0
00000000 003039 1 0 0
00000001 003039 1 1 127
00000001 003039 1 0 127
ffffffff 003039 1 1 0
ffffffff 003039 1 0 -128
000000ff 003039 1 1 127
000000ff 003039 1 0 127
ffffff01 003039 1 1 0
ffffff01 003039 1 0 -128
00100000 003039 1 1 127
00100000 003039 1 0 127
fff00000 003039 1 1 0
fff00000 003039 1 0 -128
7fffffff 003039 1 1 127
7fffffff 003039 1 0 127
80000000 003039 1 1 0
80000000 003039 1 0 -128
00000000 003039 15 1 0
00000000 003039 15 0 0
00000001 003039 15 1 0
00000001 003039 15 0 0
ffffffff 003039 15 1 0
ffffffff 003039 15 0 0
000000ff 003039 15 1 96
000000ff 003039 15 0 96
ffffff01 003039 15 1 0
ffffff01 003039 15 0 -96
00100000 003039 15 1 127
00100000 003039 15 0 127
fff00000 003039 15 1 0
fff00000 003039 15 0 -128
7fffffff 003039 15 1 127
7fffffff 003039 15 0 127
80000000 003039 15 1 0
80000000 003039 15 0 -128
00000000 003039 23 1 0
00000000 003039 23 0 0
00000001 003039 23 1 0
00000001 003039 23 0 0
ffffffff 003039 23 1 0
ffffffff 003039 23 0 0
000000ff 003039 23 1 0
000000ff 003039 23 0 0
ffffff01 003039 23 1 0
ffffff01 003039 23 0 0
00100000 003039 23 1 127
00100000 003039 23 0 127
fff00000 003039 23 1 0
fff00000 003039 23 0 -128
7fffffff 003039 23 1 127
7fffffff 003039 23 0 127
80000000 003039 23 1 0
80000000 003039 23 0 -128
00000000 003039 31 1 0
00000000 003039 31 0 0
00000001 003039 31 1 0
00000001 003039 31 0 0
ffffffff 003039 31 1 0
ffffffff 003039 31 0 0
000000ff 003039 31 1 0
000000ff 003039 31 0 0
ffffff01 003039 31 1 0
ffffff01 003039 31 0 0
00100000 003039 31 1 6
00100000 003039 31 0 6
fff00000 003039 31 1 0
fff00000 003039 31 0 -6
7fffffff 003039 31 1 127
7fffffff 003039 31 0 127
80000000 003039 31 1 0
80000000 003039 31 0 -128
38509b1b 5d7a7a 12 1 127
9bf9281f a8fb8b 0 0 -128
c6e376e3 2b50a8 31 0 -128
e436a2da b3b0d3 9 1 0
09d32c7a 7489e1 1 0 127
5c913c05 ebff25 8 1 127
7f3051e8 375c8c 30 0 127
d82a4e99 c6e29c 4 1 0
d4e571cb 93850d 1 1 0
b3fdeddc a331f1 13 0 -128
5bfde195 051ec2 13 0 127
00166d72 e122a7 12 1 127
12c18df5 09996a 23 1 127
9c47b5cd 361567 21 0 -128
d5e56f5c 45e061 2 1 0
7722dcd0 aaf209 15 0 127
486418bc d8f961 19 1 127
75e91304 2c299f 30 0 127
c58e36da e86ed7 31 0 -128
51143e98 79205e 19 0 127
c4182645 253f02 30 1 0
c46be385 5ac158 5 0 -128
726de8d1 487faa 11 0 127
c3d92cca 6bb94a 11 1 0
a5ca48fa bedc75 6 0 -128
2b2181c1 6af724 4 1 127
a5595fd4 be137b 27 1 0
52cb4d5c 998836 6 1 127
2c946cce bc8ee4 1 0 127
700339e5 c92f70 16 1 127
46445fab 58be76 28 0 127
af456337 3c4645 23 0 -128
ed8a6822 d9b794 5 0 -128
a5b4aee0 bb6351 7 1 0
bf059ef1 7aa6a6 10 1 0
a7d82802 b8ccce 29 0 -128
96897930 2c03e7 20 1 0
b6ac1eb4 567ef7 30 1 0
1b4496ff 72d6ae 16 1 127
c6c99196 6947d5 3 1 0
cef19ecb c1c033 20 0 -128
e5a0ef4f d60fe5 3 1 0
6061f1de b32dcb 3 1 127
7b68052e 92e204 21 0 127
c63e256a 54b1e0 26 0 -128
921445aa 3e077f 4 1 0
2b01bada 48c996 22 1 127
a3fdaaca 1685c8 21 0 -128
231273b0 4a9b77 24 0 127
9744ca1b 018ea2 7 1 0
a839d2bf 84a43d 18 0 -128
532752e7 0b6032 17 1 127
6a63b15c b9773d 29 0 127
ef30a69e fb75cf 26 0 -128
ddadb0eb decb32 8 1 0
264734d0 96f97a 8 1 127
98748e8b 5e695b 27 1 0
7ecd1b67 b76092 21 1 127
b7dd3a9e f39bae 7 0 -128
b5b6ccb3 e5dea2 15 1 0
6cf84136 d80996 14 0 127
aa5f6309 6e5af1 18 0 -128
a1d4cc2a b931f8 31 0 -128
ff9f8ed7 ad5bb9 13 1 0
4cac8565 10791a 9 0 127
2c1e2de2 ac76d3 9 0 127
14558a39 13eda6 22 0 127
8aee40eb 7fec63 0 0 -128
ec68d349 c979ef 13 1 0
2ae123ff 8499fa 19 0 127
348d6b48 483c48 27 0 127
4b97b8b4 849b6c 8 0 127
deb60b6e fa7253 12 1 0
9e1a2d0d cb2b09 13 1 0
ac93aafb 6aa1c1 6 1 0
fa9a5604 44c30a 5 0 -128
c5df07ed c7f4e1 14 0 -128
ff22f5b2 dd9667 6 0 -128
773fc0c1 1c2380 29 1 127
b1d8e9e0 7826a1 0 1 0
c8f8b105 b838ef 25 1 0
fd28171d 60783f 23 1 0
6d695a73 097605 30 1 127
45139a93 f35391 1 0 127
f6f6c941 5bc8fe 1 0 -128
7d5380d9 28e0c4 21 0 127
edfb604e a056f6 0 1 0
5f67a7cf 01aed0 13 0 127
6fbbd7cf 48bbb9 5 1 127
fc68e72a 0767a0 13 1 0
8519ec44 48f859 18 0 -128
a0e3cde8 51ae02 19 0 -128
65465a19 16af94 21 1 127
d0e9bbcc e4ad0c 23 0 -128
71bafa67 367730 19 0 127
235efe01 7e8513 8 0 127
32561c35 b36c81 22 0 127
a86b0bac 1e2ebe 13 0 -128
0b323a6e 209bfd 15 1 127
94277ab7 3f4377 18 0 -128
9d7510ce b9691d 9 1 0
08fb2826 37e743 3 0 127
845779a0 f61e81 3 0 -128
861c775c 18f7f3 16 0 -128
13bb376f bb6082 23 0 127
cbecc382 20ee77 14 0 -128
24e077d2 e990bd 23 0 127
2f30f61a 04ce88 31 1 127
0ead71b8 3faa1e 18 0 127
5108d081 2bc37b 22 0 127
df644b40 c3bfd7 21 1 0
b267d535 ffce2f 28 0 -128
51ee3421 4beeff 27 0 127
ff611786 b1e82f 7 1 0
989c3b23 af1dae 22 1 0
7c486fd7 6ae099 18 1 127
75e7b346 2d6381 9 0 127
192cae3a 5890ea 18 0 127
a45c4f4e bdc40f 6 1 0
f4d373be 96494c 3 0 -128
873569f9 195256 1 0 -128
9e114251 e3ebe2 25 0 -128
67c965cd 1d9bc9 19 1 127
394c5edf 6a4d16 13 0 127
524c45df 2c033e 19 0 127
c4782bea 693457 13 1 0
99f7096d c91272 9 1 0
16d8d3c6 3da303 30 0 127
03106eb5 e747cf 19 0 127
cc96d0e2 fe3293 24 1 0
1ce390a6 947359 7 0 127
f9eb3fa7 38d951 29 1 0
3a41a70e 9b9818 17 0 127
c5841935 3d71de 10 1 0
f0776666 dc1c1d 3 0 -128
697960db 5bfce4 8 1 127
124cf3f1 b4118f 19 0 127
bcec1c46 92296d 24 0 -128
4fedd756 5daabb 10 0 127
b8c7b83d 5af1a8 19 1 0
03aa42f2 5b5721 18 0 127
fb3dc64d a0356a 30 0 -128
c4b37b9b 0f87d8 17 1 0
8895c82b 7804c1 31 1 0
dcf472ea 660acf 27 0 -128
28ee39d5 bdbea5 17 0 127
314b60a5 2a7baf 5 1 127
6f77706f 5c939b 25 0 127
c1c28915 ba70e2 8 1 0
784e770c f93eff 11 1 127
7df5ac85 72a39a 24 1 127
05484ce2 367ac9 8 0 127
b0fb56f4 8facd2 8 0 -128
5b82140f 3d99f4 4 0 127
97207858 641fef 10 0 -128
4c00baed 322665 13 0 127
5af1cd29 98e555 25 0 127
08e91992 b215c0 19 0 127
f689c2ab 741a31 24 0 -128
4977f6f2 914e83 16 0 127
9958beff c64715 2 1 0
a22aaed5 22eade 8 1 0
89570fdc a661f1 26 0 -128
6f432739 7e9105 12 1 127
12de5cc0 f9b058 2 1 127
fa4a7589 499a1d 3 1 0
0e8097f1 68d542 20 1 127
22b1e63d 2f0552 11 0 127
7749ffa2 a56878 20 0 127
5eebb897 3bc670 1 0 127
bb6e8dd0 500b74 15 0 -128
37c4a149 3c27f9 24 0 127
8a6593e4 e5b872 0 1 0
a0d816b1 b6e721 1 1 0
94a6c2ab d6c1ee 20 1 0
df8751b3 24bb0d 22 1 0
e799488d 2c0167 28 0 -128
5c1576a2 1262e7 10 0 127
e0c95b87 5bb536 24 1 0
fa088df1 c5579e 16 0 -128
b1d4a198 a1aa0b 11 0 -128
2e6d1202 de527e 7 1 127
ae91bf77 61c78b 18 0 -128
4bbacb95 8ecaa3 0 0 127
f3146569 8e9900 23 0 -128
6267a689 ac129b 15 1 127
7b11258e f7fa57 30 0 127
b3f959df de039f 20 1 0
e148d13e f29cce 24 1 0
f54a2493 763200 14 0 -128
de3aa2f2 70a6cc 3 1 0
26887e78 a09da5 4 0 127
bdd15d57 f5cd8b 14 0 -128
9213de85 1129ce 20 1 0
1d912953 f7f893 5 0 127
d73495dc cdf8e2 13 0 -128
c736a775 1c8d70 2 1 0
64df738e 82cc91 14 0 127
65383086 f29e68 4 1 127
111e17c8 2dcca5 31 1 127
51816bfe 385d1f 22 0 127
9789795e 0861e7 6 1 0
969533a8 fe61f5 16 1 0
96d73d0a e1f04d 4 1 0
2474539e b47745 13 1 127
9df2ee6b 7c3a59 14 0 -128
19db5e0b a87e42 29 1 127
5658ce51 440111 24 1 127
f37f9f85 697e91 10 0 -128
6610f5b4 2d7856 16 0 127
3d381e11 49c81a 30 1 127
fc91cce3 73e6a6 1 1 0
f47433a0 247ad1 0 1 0
12f61a91 450c09 18 0 127
0eeac342 d6d269 10 0 127
e3dd6122 7d31a1 16 1 0
f50d39cc d5603a 31 1 0
55e52775 b700eb 0 0 127
8f754a97 1bb443 22 0 -128
24b47420 d24cc6 2 0 127
45d76f00 150337 19 0 127
8373120b cf09eb 27 1 0
9e9e2ec9 df46a0 1 1 0
be168a30 3c1512 15 0 -128
47c7599c afca0e 24 0 127
aaf4f0d7 f8c07a 30 1 0
79c5ce89 7deb69 16 0 127
8b8d6ed0 93ef55 24 0 -128
d522b808 e5d7ee 17 1 0
e01e53e8 61b35c 29 0 -128
25acbf02 ddafd1 11 0 127
71d409f0 56f5f5 1 0 127
0c2d8bce ad411e 21 0 127
ea58d94a 161365 28 0 -128
db09d275 181a25 24 0 -128
41050c8d cc2bf8 11 0 127
8df3e0b7 ac8aeb 17 1 0
e2fa20e4 370abd 20 0 -128
16cd2287 76f5b0 21 1 127
fda50b8b c28c5b 0 0 -128
8ec3e09c 1b18d9 3 0 -128
93278976 31711e 22 1 0
fcbf5b5a e68660 8 1 0
68e932aa d89e73 26 1 127
6a4c4c05 8718bb 29 0 127
a6374fa1 fb5400 14 1 0
f46db8e1 4bfa12 20 0 -128
50879516 fcf453 26 0 127
da00e5b7 9d863e 18 0 -128
dd1169ef b3f9fb 10 0 -128
c306872e 9f17d0 3 0 -128
b2af9c35 8f9b66 4 1 0
f2751602 e34e9d 30 1 0
ef82617e a8db7f 2 0 -128
6da9a253 1877e8 13 1 127
9ccfff07 9fe4ea 22 0 -128
d7f79c00 7afeeb 24 0 -128
6cb0827a 18486e 8 1 127
a1bd61c8 e23406 20 1 0
89455005 5e52a1 30 1 0
e5557e84 9e27a9 4 1 0
3a7f7e73 80387e 18 0 127
eae02273 234cc5 4 0 -128
300692f3 4d2db7 29 1 127
10118819 6e7a9d 22 0 127
9543bddb 72ccbb 4 1 0
11506c28 53b1f8 0 1 127
dfdcda7c c6ac1e 19 1 0
bf9a4ed6 8df151 2 1 0
94804715 9ede49 25 1 0
cf12754c 83588a 14 1 0
289970c9 31852d 13 1 127
49ef6e29 5e33e2 8 1 127
1ff6c00e 306c39 29 0 127
46de7c6c dac9ce 30 0 127
c952625c 263c0c 6 0 -128
96ff059b dae504 25 1 0
a891c40b 7ab6dc 13 1 0
6ac0d908 8d977c 18 1 127
0766cbf3 7f8bff 6 1 127
965ca13a 4454b0 13 1 0
01481f58 2b5ca6 20 1 127
48b41d2b dd4611 0 1 127
23f22b31 ebd353 9 1 127
554d187b 50ab1e 13 1 127
204cfbdc 379212 27 1 127
eb7da829 b27f4b 7 0 -128
3fa171f7 ccc151 25 1 127
64fb99a7 66e4f1 23 1 127
8e6eff0e 1b6106 11 0 -128
d828235b aa98cf 16 0 -128
fb4c9416 1df80f 15 0 -128
8b32b833 043865 28 1 0
4feb6255 fc7804 31 1 127
28989fd8 17a5d4 8 0 127
d0de0dda 3e2acb 1 1 0
f9eb05c7 8fe08f 22 1 0
e3c3794f da510a 0 0 -128
5f0a8fe7 c481f2 16 1 127
5514271a 225bfd 14 1 127
1511a588 c1ac08 1 1 127
a20a8c29 5db4c7 27 0 -128
d36cb2dc d167e5 21 0 -128
730ef303 b34676 10 0 127
7a77bd5d b4f75f 29 0 127
80cd0161 2a50b1 16 1 0
e202d624 0eba64 26 0 -128
ceb37195 7a0423 24 0 -128
0e41ce23 45a593 18 1 127
7419b9ae 802b42 22 1 127
30683ac4 8a3b51 1 1 127
ce05fda3 80d0a1 30 1 0
80eecda9 a5d878 18 0 -128
c7a88f4f 68202a 0 0 -128
00e28cc8 cd2988 14 0 127
3847b260 35440c 14 1 127
5415ca6a 161a3d 8 0 127
928ba202 ca004f 4 0 -128
9d1cf1f6 c64862 25 0 -128
e1c81e60 faa780 18 1 0
1db0dcc5 4bfcfa 13 1 127
22527aae 961373 26 1 127
bd212e90 11a654 22 0 -128
c2237cfc c5f1f3 5 1 0
3185dbc6 5bae80 30 1 127
196520a2 ceec28 16 0 127
057ea4e6 e890de 29 0 127
13be0a27 cb9be5 26 0 127
e4b40d3c a5ba10 20 1 0
88a83e93 576cf7 6 1 0
46899dda b05ef7 26 0 127
7bbcda28 008667 24 1 127
1190f10b 12d992 10 0 127
8ff1e46f b165d5 29 1 0
f4479106 721e3d 3 0 -128
2d5b524f be13fc 0 0 127
313a75de 7bdea7 8 1 127
06a88a6e da0922 5 0 127
5b939381 ce8f56 23 0 127
538b1131 a3d0cb 22 1 127
18581a18 6eeb08 10 1 127
38b4e820 bf5d9f 5 1 127
58dae6f8 2d253e 0 1 127
6a4fda72 c725e8 8 1 127
16483957 8aec89 5 0 127
4ee2ecb5 8464a0 25 1 127
efc66111 6ea638 5 1 0
c8cf1bf9 f4b6cf 30 1 0
5fe564f7 8ceb9b 30 0 127
8d9673fb d03d3d 24 1 0
177ad125 1363fe 3 0 127
d0dd2702 1cd895 6 1 0
7169a4d9 2d4f9d 0 0 127
1cd2e74d 94b02e 31 1 127
3a1e0edd fd3820 5 0 127
b46f83ec 33396d 1 0 -128
002622ab 6c0a51 24 1 127
bdd64319 7eed9e 17 0 -128
e8dd92b2 07753e 31 0 -128
90d717e1 067bd2 10 0 -128
373e508f 5507a1 21 0 127
60a4f4a7 7a855c 1 1 127
34b7d719 fdc7e5 22 1 127
f973e9e0 2ea742 14 1 0
8ca3e97c e63582 19 0 -128
b50e9e40 26898e 9 1 0
40a061cf 8df8dd 19 1 127
3945947f 03bc8b 7 1 127
e1320503 3411dc 24 0 -128
aab937ce 39e62a 25 0 -128
3e26dad4 f8b42b 0 0 127
4cb968c1 1e31e3 17 1 127
e5907da7 921de3 23 1 0
6487a8c5 b0e631 8 1 127
292f5d26 c128f5 25 1 127
6b9ae381 a92d1a 16 0 127
9eb344cc 425523 19 1 0
0d7b1a0e d3ff0a 3 0 127
1ac24a42 b39a9f 26 1 127
88040b7a a93a64 26 0 -128
9ecf28c8 1aaaf0 10 0 -128
c6b52abd ee6ddd 28 0 -128
408b4dfc f0d36a 14 1 127
8b6f518c e9cfaf 31 0 -128
99453476 ccb4af 4 0 -128
7a8719c5 f374a7 12 1 127
e9790e5c 78099a 13 0 -128
8893ece0 ed79ac 2 1 0
6124401e 1d855f 7 0 127
21bc326f c23ebb 24 1 127
110065a1 763a51 25 0 127
28c6b692 5fe02d 7 0 127
1ea1f649 3ac0cf 19 1 127
973aaded 0e8637 7 1 0
289f4b4e 972f9e 13 1 127
28f00245 fd1fd1 17 0 127
66eb58a5 c80954 26 1 127
a8d5450c abd139 14 0 -128
eb48cb42 38cdba 25 0 -128
0072aa06 3919c4 3 0 127
a152d6c2 4556d6 10 1 0
39f9071b 84905f 8 1 127
efcc067b fb9821 17 0 -128
6bf16b3f 9312c3 5 1 127
0ad049e2 7b78d2 10 1 127
dc3a1203 f8cc95 6 1 0
bd9b9ae2 e647f0 23 1 0
1a0363fa ab260e 9 1 127
1b23420d a8b6fd 21 1 127
4488e75f 0da406 20 0 127
446327c0 f2b0fd 25 1 127
aca85f9a f27d47 23 1 0
71cc7a6b 356f82 28 0 127
49c07bab 92ce55 16 0 127
ea0e2871 1c3c85 9 1 0
93d1e608 2f12b5 4 0 -128
26271027 31f53f 0 0 127
7e795407 6c25f5 5 1 127
c96afdb3 56c7ec 3 1 0
a75e3808 8aa4bc 1 0 -128
560fdfa1 152a2b 25 1 127
dda909b3 4ae32a 26 1 0
ae2adb11 be0617 31 0 -128
7afd3aab 1468bb 1 1 127
0fe1c10a dcd986 3 0 127
d8a2196c 75fb06 8 0 -128
bac6179f eb837c 12 1 0
24d3e115 091b05 1 0 127
e10d12af eae2b5 27 1 0
f4e1d9d6 1a0e9a 28 0 -128
64802480 2c4aed 23 1 127
1681e7b8 2814e2 4 0 127
6bd509a7 785fe9 12 1 127
12b2ac44 f89159 21 1 127
aba457c8 4749a3 3 1 0
98f58841 5b5e60 6 0 -128
5aa8e6ed 7f5bab 12 0 127
14a606d4 6ab8d9 31 0 127
ed0597e2 1a85aa 27 0 -128
729cf7b2 d8cf19 15 0 127
e31f5ed0 317c1b 3 1 0
0165b847 50840c 21 0 127
2a463e84 8bf458 4 1 127
01c38ee0 a4085b 5 1 127
238cbbc7 5d41ca 28 0 127
bb15b5e0 d666af 12 0 -128
3d8b2e46 535788 31 1 127
9be18bdf a47db7 1 1 0
3cef7987 be0dd9 26 1 127
52c05da7 dbadb7 27 0 127
d2d26d61 cc3716 13 0 -128
461c26e1 5ad090 11 1 127
812442c2 6a4d5c 16 1 0
5206765e 5a8bd1 17 0 127
62f748f3 67587c 0 1 127
7171b7bc ff04c6 17 0 127
478f1f43 bfdfa1 5 1 127
d9767d96 b255ca 10 1 0
0c34f2de d06b55 17 1 127
709c3ef9 76de00 9 1 127
dcb58182 a5aba3 14 1 0
faf59fe4 40b4de 10 1 0
8aaf9c1a e6dc18 5 1 0
ed8dbb1f 78acc7 31 1 0
b90d9785 3660df 5 0 -128
f96ec37d 37e9a4 28 1 0
9e415cec 0d2d6f 21 1 0
5bd861ca 4ed2e4 23 0 127
7c580401 778f50 14 0 127
b8d23e94 76b11a 31 0 -128
b48e0b26 83edbe 22 1 0
aa419e97 44b5b7 5 0 -128
4cc2a2d1 b475ef 21 1 127
29ad100a bbf827 26 0 127
3a7b4fad 47707f 15 1 127
daf9c5d0 d55159 24 1 0
23a83589 7e55f7 10 0 127
65265375 a76392 19 1 127
beeefd49 8c45d7 22 1 0
07370915 286805 18 0 127
f815b6e2 d1d56d 2 0 -128
7c6e1990 0ed82c 9 1 127
01afbfb5 fe6bb9 4 1 127
eadaa10b 9f9d28 26 1 0
72ff70ef 36b033 14 0 127
b85d800e 603f9b 28 1 0
fb017cc3 2a5f07 21 1 0
7c8833ff 380e5d 20 0 127
85de8da6 8b1ae7 14 1 0
9bc0842a c95e1a 19 1 0
cc03e0e6 65fabc 24 1 0
1615e5fb 0bdfdb 11 0 127
ab015e45 84e434 1 1 0
b78b5c1b e9acbf 21 1 0
0213125c 5ac415 31 0 127
8d64cefd 91d30e 20 1 0
a01ab83a bd4ec6 8 1 0
2b9d5036 841cc5 25 1 127
dbb1e149 7eb644 27 0 -128
894d3d2f b94cba 27 0 -128
d0f89936 5e0cf5 7 1 0
bf31d228 3d7b9c 24 1 0
84fb380a 4960fb 31 0 -128
8f1ce7ce 72b5f3 18 0 -128
afe4b70d d6336b 5 0 -128
906fec17 8b0233 27 0 -128
4a95d5c4 51ea3a 14 0 127
14c5e897 85bf5f 23 0 127
37c32245 6bb727 29 0 127
802184a9 e817f5 3 1 0
c6fc67a0 eb4d3c 12 0 -128
ff682ed1 a8992c 20 1 0
a9122bf1 5a1d78 20 1 0
669bcd1d 5c8eeb 18 0 127
1428195e 955093 7 0 127
4aa54ba9 eb29c1 4 1 127
dd54db95 3214d3 16 1 0
fc80864e 506e8d 3 1 0
3d2334ea 0d6ba4 31 1 127
94fe0a84 fe7cf6 23 0 -128
65ebe5c1 3543dc 31 0 127
fff28a48 686bbd 11 0 -128
451e6d73 18af91 24 1 127
9a10e7f7 98ba12 21 1 0
26be83f8 89109c 19 1 127
39979581 9f21d6 12 1 127
d4305846 694354 19 1 0
199bb7ec 81c1d1 20 1 127
ccc099b9 f94845 14 0 -128
e69dabc8 9637e9 7 1 0
93464d63 75f288 5 0 -128
e5c385f3 e38f6c 25 1 0
b835958d 2aaa5b 15 1 0
397ed879 c8f1f1 16 1 127
60f60429 a9c825 0 0 127
eda2ad7f 423cd2 25 0 -128
ded2ded3 140e35 31 0 -128
0cd9e752 ddd77c 8 0 127
26e4b752 133f8d 20 1 127
017e0f75 2bebf1 6 0 127
2d9d565a 3b1192 20 0 127
9e55b6da 322e25 13 0 -128
63fcb99c e9a502 4 0 127
0d88cb1f af0588 26 1 127
484725bd b91746 14 1 127
0dfe38fb 8487eb 5 0 127
13bccc19 74892f 5 1 127
6b117edd c3850e 27 0 127
87e46112 22a2eb 14 1 0
9694ff13 e6b7c3 24 1 0
2b1f35ad ed4f16 30 0 127
2a667bce d64452 30 1 127
c9be531f e3294f 0 0 -128
dc10e6d8 ccfbf2 14 0 -128
61faa164 d7ec07 15 1 127
1fa77545 210615 7 1 127
c1d8fd38 dfc253 31 1 0
e87e8ada 972217 13 1 0
ecd88a28 598745 18 1 0
ba73b4d2 c13bd6 6 0 -128
c350f4c5 b60547 31 0 -128
18f1d8f6 ef5057 17 1 127
fdf6df85 9d4ac2 17 1 0
1f94b69a 6f264f 31 0 127
198ce28e a2481e 22 1 127
e11d9502 c6b4e2 14 0 -128
4103dad9 20b317 3 0 127
a55f444f b30af4 28 1 0
96c5708a 87b0c7 7 0 -128
987e9c06 21331d 13 0 -128
38e14de2 0ac920 25 0 127
f70c6834 76f040 25 1 0
d1eb81cd ba3eb7 15 0 -128
1cea8c7f 1e8cb6 18 1 127
9c2c09e8 7a1444 17 1 0
fd4b93f5 7d889a 27 1 0
109cc0f3 87b27f 0 0 127
3b165292 5131d3 16 1 127
e8cecf98 a032ba 24 1 0
9d9b789c ceaf8c 6 1 0
ce72e4c3 90bed9 18 0 -128
38a4fb33 ec0e5b 6 1 127
dd629dd8 0d22bb 2 1 0
0483f233 8273a0 30 0 127
778b8684 134170 16 1 127
7929951a 4521a9 3 1 127
ed6c0cf4 8eb803 22 1 0
4bd3454d 1ced54 4 1 127
431bab35 9df70d 7 1 127
2d2456af 8f5c84 20 1 127
4c6f1390 5022fe 6 0 127
91a373a1 1b2313 28 0 -128
e0965830 df4993 1 0 -128
d2f92c3c b6cbf6 30 1 0
542f6422 bb9e15 20 0 127
aed2d783 f622c7 30 0 -128
a8594ce9 7b3e53 13 1 0
869f44df bd5db7 9 0 -128
dfa473ff cb58ed 22 1 0
05aa20a5 5f08e8 31 0 127
e8af6847 26e2b0 12 1 0
69b25136 b476f6 24 0 127
78479d0a 26e138 11 1 127
6bba40a7 8bf20a 26 0 127
08f4ab0e 2106e7 20 1 127
18b58e44 e6d48e 5 1 127
2588a5fc a2c054 21 1 127
4043657c 8fb850 28 0 127
d6842420 67de64 23 1 0
f80bc9d5 7bb46f 26 1 0
33daa8d7 89bb0e 26 1 127
3d90a5aa 34edb4 15 0 127
3bcf92ab 3480a8 12 0 127
1dec0e77 91c0e5 5 1 127
de126b76 1d7219 14 1 0
3738bbb8 5315f3 10 1 127
907bbd84 a3763d 30 0 -128
457d435c c51e9d 19 0 127
72d64ab1 315243 15 1 127
40b57100 ed2cfc 26 1 127
b468cb80 1f4392 25 1 0
4525c316 b72bc7 3 0 127
128d0749 763996 12 1 127
d621919d 6dc8cb 0 0 -128
3a747bb1 99f722 30 0 127
a0215782 32503e 22 0 -128
2c297c26 31e289 0 1 127
c7427bc3 2e7df5 8 1 0
1ff68eb3 c84de3 13 1 127
218128ff e39b9f 13 0 127
17c441c8 e4272e 3 1 127
4cb1341f 98c9b1 20 1 127
d228de23 76c574 30 0 -128
ba714f1d e64f50 10 1 0
cdbfdd07 5d4be2 0 0 -128
33e07712 04753f 29 1 127
b910a856 9da4e1 21 1 0
c9369d4f 15632a 31 1 0
21231442 8382eb 16 0 127
07b35bc1 8b663e 24 1 127
8618eb12 340166 5 1 0
d7148332 90a79d 5 1 0
efcf26a0 8307da 4 0 -128
c9d10328 774b21 27 0 -128
dd9d0e53 8214b1 18 0 -128
4bce7a91 e46f9e 8 1 127
f154664f 72f7c2 0 0 -128
29b2430b e88650 13 1 127
1b7bda58 c159dd 1 0 127
282dc554 9bf7aa 5 0 127
9555e31a bea968 0 0 -128
005d3987 73359c 2 0 127
3d0b4f03 d7320f 17 1 127
00416d57 40182a 22 1 127
860e0ae3 a852bc 2 1 0
9c6edaf1 686b75 24 0 -128
23b23cd7 d088be 27 1 127
dce368ee 82d887 14 1 0
988a40c7 5484a4 16 1 0
46f3469e 00a9c3 22 1 127
faeceb9d 904e7d 30 1 0
20fb0832 0fe4cb 22 1 127
5cd32854 90c1dd 7 1 127
bf7f0921 f5f89b 26 1 0
319da685 caf6f7 12 0 127
1e264d0c 349c9e 25 1 127
4341f0e3 61b379 23 1 127
73e64661 b8d55d 31 0 127
7f74c137 0f6a29 8 0 127
03731375 4e38d0 17 1 127
80fdeff8 d68811 25 0 -128
00e5ff8b f43a11 17 0 127
227dc980 2b1438 9 0 127
706bebfd 663d75 24 0 127
6e2136ae d78af6 13 1 127
f0bec318 4c29bd 3 1 0
c46b876b b7a9b1 19 0 -128
0af47cbc e9cd75 0 0 127
6bd7ec28 c99e1a 25 0 127
c4200e1e fe01e3 21 0 -128
1c81ef8f c9d689 12 0 127
ea2bad43 5585ca 14 1 0
0cc3cbc6 5e6152 1 0 127
b7b05851 858926 0 1 0
03ec7c7b 8a2b06 17 0 127
716541e3 ab0297 10 0 127
9b0d5827 d16335 1 1 0
b8dc10b3 1b498d 7 0 -128
8f14e073 0c0900 21 0 -128
04d95c08 e5b3ac 6 0 127
9d935352 bcf54f 27 1 0
5340906a 9e542c 23 0 127
27a926c6 5459e0 0 0 127
bc18af20 79e699 29 1 0
efd5a3b9 de2a9b 17 0 -128
0f0fed01 d1bcf6 5 0 127
2d105e72 c769f6 22 0 127
c2841628 816e66 17 0 -128
a910885b 8ac18f 0 1 0
287072ac ee4b6b 10 1 127
5184a3ab 520259 7 0 127
c34fe5d4 6595c8 19 0 -128
484278f6 fd9754 20 0 127
5586e5c5 cd690b 27 0 127
5449a942 6faf59 29 1 127
aa577d29 2646fc 12 0 -128
5b0c0271 a94721 8 1 127
58308956 d773d1 11 1 127
04e52cb2 151a96 30 1 127
3cbffbb7 90959e 25 1 127
31d943b0 d023c4 0 0 127
bbaa7245 c3618f 24 1 0
b2d68855 1ef524 29 0 -128
5c4d0609 a2d04a 18 0 127
c94259e5 e54432 12 0 -128
a3beba68 c7833d 4 1 0
97f599cd 16b9fe 8 0 -128
f1b8a170 4d4dea 26 1 0
a24b1eb4 889758 7 0 -128
5694231b 184b09 17 0 127
67b8fd5f 0dde37 16 1 127
8721c010 d38907 6 1 0
ee70ff8f c0c9c9 17 1 0
b155d264 cf5f1f 20 0 -128
6e03520e aba882 11 0 127
c22509f9 0cd851 27 0 -128
83341e1a 9ca3d9 16 0 -128
8839ef4b 36d593 15 0 -128
ba7de8c0 401011 11 0 -128
389b4b2c 9f3790 14 0 127
bd173e63 4eb3d9 15 0 -128
3e81fba4 2d4608 28 0 127
93abfa3c 7d437d 11 1 0
8b232387 e624b1 19 0 -128
1c93b964 3ebe5f 16 1 127
ed8f546f b802ef 11 1 0
2f26d6f4 f1cd22 6 1 127
1da1a81e 4fe76e 10 0 127
644386ca 2c31ce 28 1 127
a8fba378 26899a 29 1 0
3d6b9b08 697781 26 1 127
87ab0486 877be4 11 0 -128
90f581f6 37209c 9 1 0
e2e793c5 3cccf9 30 0 -128
90a1809e 50a452 13 1 0
9dac5d92 55e805 11 0 -128
dd2ae9b6 484fa0 3 1 0
d98a0545 c79cba 7 1 0
a43a75ea d57b34 26 1 0
3a5d2b35 3fab3a 17 0 127
7eefb8c6 f37f2c 2 0 127
43d3b855 26e586 14 0 127
e2c7c11f 58ee8d 26 0 -128
3234e3ce a71fd0 23 0 127
64fee594 f30b9f 9 0 127
c8c349dc 89774a 17 1 0
6bbba3ba 5951e0 28 1 127
34097700 776a09 24 0 127
14323874 0c3aca 20 1 127
069931c8 e174fb 2 1 127
0355cbad a1de1a 20 0 127
537d136e 32e433 6 0 127
c340ee19 898823 21 1 0
d69ef73c c0c130 21 0 -128
a13ba5ae 601ae4 1 0 -128
3c26bc62 e36e01 23 0 127
02d333fd cea0ae 12 0 127
646b03bc fa1d09 21 0 127
e3f20b73 1792dd 2 1 0
54fc6ddb 0688fc 0 0 127
bf8aa8df d0bd24 27 1 0
23b90e57 89c85c 28 0 127
6f96b2b7 de4f92 8 0 127
5306a857 7d2773 21 0 127
1b07f1df 9edbc4 29 1 127
e2c4fb3b 859abb 6 0 -128
7ae63943 e8d757 18 1 127
5e3a6ce1 1b0953 0 0 127
ed345b34 381853 21 0 -128
f663a0e9 070b08 19 1 0
4968c7d8 c28e0a 9 1 127
c01485c3 4dbb70 2 0 -128
ed537a0e d859a3 29 1 0
72b7882a 91d64b 5 1 127
c62ac33d 38d3b6 6 1 0
39b0d739 ba28f1 26 0 127
2342ebdd 38e174 8 1 127
88e6dbf0 41e86b 11 1 0
a091a625 6ac11e 21 0 -128
d74f60b8 895e9a 20 0 -128
8f1a822d 09ca50 22 0 -128
63c1f338 51f289 12 0 127
b03238a7 49aad2 29 0 -128
e2e3f01a d1ddb2 14 1 0
35baed0f 9b726a 25 1 127
4c23a71c 447045 27 0 127
68ef072a 78bbca 26 1 127
f46f2780 147a57 12 1 0
a6375966 b0e6ef 18 1 0
1749d22f f7f356 27 0 127
a57df696 56fa1b 6 0 -128
0f8a81f2 a6ef19 20 0 127
0dc977d6 7438f6 22 0 127
9389cf52 252f81 10 0 -128
9ab7697c 70191e 22 1 0
be9573b7 6bdf3a 20 1 0
86a56ad7 961360 19 1 0
68126507 e60e8b 17 1 127
ff2dac58 491069 3 1 0
67480f59 874d57 18 1 127
4a1396b1 27c40e 20 0 127
52c96331 57d3ec 5 1 127
f413f18f c0dfa3 0 0 -128
3429c4fc 6bc938 26 0 127
3aded991 d28bb7 24 1 127
c2cdf905 0058d6 13 1 0
52affce8 9bd69b 4 0 127
163c0cbc 890b15 2 0 127
fe0a0f42 10f37d 14 1 0
d16d47a7 e47df0 25 1 0
880362ea 9bb5c6 19 1 0
d8d3ee6b 74d725 19 0 -128
f98ae495 43f1e0 13 1 0
eca4b935 2aab87 15 0 -128
174588b8 64c43c 4 0 127
7bc5aaf3 d8041b 15 0 127
b931c984 6618c6 13 0 -128
d6495535 99dcb2 25 1 0
f3642fc0 ed3fc2 31 0 -128
7c6e206d b32e1e 26 0 127
80440fcf b72670 17 0 -128
d19d845d 3c13e6 2 1 0
60a87f80 6698a2 5 1 127
035c29e2 93b953 20 1 127
7df72507 d7ac1f 12 1 127
f4ffc7d6 3aaa4d 19 0 -128
6fa46194 443f0e 15 0 127
f0011a33 7c31ed 7 1 0
5d8ca583 07939a 23 1 127
58b4a146 25a5e8 25 1 127
09b4d23d 48835d 26 1 127
244d6438 587de5 14 1 127
6f407d56 78b297 0 0 127
f41c043c d93ec3 31 0 -128
bcfe605d a5562c 1 0 -128
609321b7 f05d46 9 0 127
1908f414 5090fa 8 0 127
2e94d58e 820af3 14 1 127
c44b94dc 3fc260 28 0 -128
ad1260f4 efd453 7 0 -128
183ebd8e 4cb23f 29 1 127
daa22d5d 44fce7 15 0 -128
46392f0c 66d6cc 28 1 127
130ff068 708dde 2 1 127
fa5d1f28 fc35d3 2 1 0
a3eaab50 2c9bf2 3 1 0
ac4875ff 32e6ac 3 1 0
dd4963f7 11e021 14 1 0
3997a0f6 2dcdfa 12 1 127
dd085e94 6fa232 31 1 0
57d9ef54 331cfe 6 0 127
6acf5e37 60e44e 14 1 127
c9a7a4d8 30f0f2 21 0 -128
8c5ef740 3e4387 7 1 0
a1146e99 1ded2d 12 1 0
067337ae b549d8 20 0 127
e4a1de52 25990f 3 0 -128
cdccf927 eedefb 16 0 -128
71f5cb8f 3e0783 8 0 127
284a78e6 4cb582 5 0 127
033effbb a73626 30 0 127
181a2ac0 af446a 16 0 127
b63bc871 cd5bb3 23 1 0
f6522b91 f7530f 6 1 0
508b7632 10ae38 14 0 127
215021b2 1ed8b2 25 0 127
c98b49e2 a1fb64 22 1 0
53144495 34a584 20 1 127
f7bd453e 618208 8 1 0
f4be731b 7e5124 21 0 -128
6bf893e1 80bfcb 14 1 127
7149e90c 5370da 17 0 127
553262bc 61434b 15 0 127
61a37819 493cd0 6 0 127
4a9debed fb2dda 23 0 127
429f11a4 6f264d 26 0 127
dc31bb6d 614098 11 0 -128
7d6998ab 6f8121 28 0 127
e5ea7ffb 6c2fba 21 0 -128
e34d8f4f 617b74 27 0 -128
d85c0019 f91504 5 1 0
9f28a3e7 5167a3 3 1 0
56654d05 8e1170 5 0 127
3df4a91a 799088 5 1 127
fb3dc2c8 e22840 30 0 -128
7b70cf87 9cda6d 9 0 127
68e723d8 0ab725 25 0 127
967f62da 84fc32 21 0 -128
02c41271 c5d7fe 27 0 127
6dae1892 ed09c5 25 1 127
3ca3d935 94b018 19 1 127
6287b046 9bdbc4 14 1 127
884b4e30 e8b9ee 22 0 -128
e1bc9597 588d3c 15 1 0
2abc6073 db7274 22 1 127
f6b709eb d895e4 29 0 -128
ffb5f911 a0ce41 1 1 0
aa5105fc 997fde 1 0 -128
c9c7d9ca ee9935 7 1 0
6dc7ddbc ac04da 17 1 127
d44c2b06 abb9ef 29 0 -128
e17c7b4b 65bbd3 25 1 0
c9b1b328 7617e7 14 0 -128
477e330a f8f28b 10 0 127
06269f16 b7153b 5 1 127
9405b1a0 e174b8 25 0 -128
54610a55 d53021 28 0 127
b9453f67 119509 22 0 -128
5e6c93c1 77303f 29 1 127
1c67b6c1 fea690 21 0 127
0580ec1e 05e9d6 16 1 127
1b79f66d 61743d 2 1 127
ab84f40a c84e94 8 1 0
6bbdb17f e409ff 4 1 127
fef579b3 189f8b 27 1 0
d6cd37f0 27a4a9 23 1 0
78264074 cff4a5 7 0 127
5f6425a4 868be5 30 0 127
d5e3acb3 8a560d 17 0 -128
c067a354 dc8084 0 0 -128
4b5d377f e88f77 1 0 127
67d27749 ed87d2 21 0 127
ddba936e ad3d72 20 1 0
9a24cc2e aa73de 4 0 -128
4c21a496 8074ff 21 0 127
0f111b2c b5fac9 14 0 127
8114739b 523746 14 0 -128
5bd8cd69 02a5e0 16 1 127
5423f3ee 4f7b08 18 1 127
ec90bccd 587e3f 17 1 0
757ef7fe 68c8f3 21 1 127
f68eafe1 942e10 23 1 0
51c4551d 67bc57 31 0 127
158c6ccb 643821 24 1 127
9cc88ac0 82e3b1 21 0 -128
35366590 466e6b 26 0 127
9daa46af cbfa44 23 1 0
07023c34 8506f7 30 0 127
ce0595d6 c2494d 6 0 -128
ecf1a455 e64bd9 16 0 -128
3fa40c63 bc5fab 21 1 127
ebec6375 976c0b 6 1 0
6c3cfe5c 1e3763 7 0 127
06897121 21137a 12 0 127
b38aea7b d4f758 13 0 -128
f54c1285 eae5fa 9 1 0
4b8352f4 4b6508 26 1 127
ed496dfd 4dd432 7 1 0
909f1b40 b6e26e 19 1 0
3ea2a869 e77780 12 0 127
e9e252f0 116e7b 11 1 0
abfe94c2 357cfd 17 1 0
d1a7c355 b76e68 13 0 -128
e470b366 0d5cc2 8 0 -128
8fa70521 d58118 8 1 0
afc490fb e81445 24 1 0
2e37b73c 42f6a8 28 1 127
6228b665 7a646a 16 1 127
6752441f 2cfd53 7 0 127
ef8881ce dda9bc 3 1 0
06b21679 17bc84 2 1 127
f61bd010 1e76ac 23 1 0
3debacea 71ac16 8 1 127
070c23b7 7e2e18 14 0 127
c88df92a 188a0c 31 1 0
7206f2f7 e7fdb1 17 1 127
d3f6e067 c1a854 5 1 0
cdb596c5 9c9471 12 1 0
eaaf48d7 bf6558 10 1 0
919af32d af6682 19 1 0
22bbc8ea 2e923c 4 1 127
c5acb7f8 6a3022 16 1 0
90b443f6 375126 31 1 0
70422540 ceabc0 26 0 127
bd1339f2 fb8f34 27 0 -128
d9dca258 2d60e8 15 0 -128
99bd4200 07fb7c 11 0 -128
9a31e73c 83f6af 6 1 0
d5949b36 dcc311 25 0 -128
b849e92e 710e1a 14 1 0
57c3dfd7 59b308 21 1 127
82b58673 a2d1a1 11 0 -128
3e90ffac b9e493 27 0 127
e198ffc9 67d9d4 6 0 -128
a06d7056 6a2177 5 0 -128
ce091490 0f0378 27 1 0
cea8beb0 731489 8 1 0
932a1fb6 542fce 2 0 -128
a7d5bda5 dddfe9 9 0 -128
15423570 278282 31 0 127
1d86ecb7 b84339 31 0 127
60dc62b2 3280fe 15 0 127
f6581276 35e7d2 17 1 0
2319dd41 ee51df 14 1 127
0edc02b1 cb1215 3 1 127
09a3068e ca066a 27 0 127
9e40b87a 498696 27 1 0
4a3e61b5 3c4fc1 10 1 127
925e75d1 8884f1 1 1 0
cdce8b1a 794333 27 0 -128
adc803e0 6774d2 14 1 0
eb0136a6 df4da8 19 1 0
0e805d06 6fbd16 23 1 127
723f56fc b57761 13 1 127
6ec3b76f c95c7e 27 0 127
eba1829c 416b14 8 1 0
c5cbdd42 b8fc04 18 0 -128
d5c667cb 148a09 2 0 -128
9a644918 075124 7 0 -128
27667c76 feef99 5 1 127
2759de87 514452 12 0 127
984f8d0a 8309f5 23 1 0
515d395c c33809 15 0 127
e6c35710 5fc1f7 12 1 0
e0afae3d fe2c2d 25 1 0
211f6610 6ff088 17 0 127
bd171f02 3066f8 1 1 0
835bc272 0650de 29 0 -128
c703c45f 3b6d2f 30 0 -128
71ae2b8b 553175 12 0 127
0fcf88d0 8f0b5b 4 1 127
c88fea6f 0312e3 11 0 -128
8f00fe80 d19246 20 0 -128
49b66069 e72e51 14 0 127
7ab9e95c fda5db 16 1 127
e7a138e3 3f3c45 27 1 0
87dd2bb4 c3a528 30 0 -128
0221c80b fb5672 8 0 127
b49e290a 5b4540 29 0 -128
874f33b3 a8c59a 22 0 -128
34105084 614896 13 0 127
dade70d8 d352c7 21 0 -128
951e3d21 a2e681 16 1 0
e21b83d5 d0034b 6 0 -128
c81e5197 bcf4fc 31 1 0
63333759 980818 6 1 127
7642ce9b b3a65e 23 1 127
14937a5e 15140f 7 1 127
014b0b2f 2f24b2 12 0 127
44cc8c4a 1b971f 2 1 127
d7e27af2 c71272 16 1 0
9a5391b0 9ab6b8 15 0 -128
dc6bf0bd 568b24 25 1 0
18d11c72 6bee37 19 1 127
da94ae81 f30add 26 1 0
eca7feed 9cc3ab 10 1 0
e8a963a4 a03870 2 0 -128
2933ecf4 1cf809 30 0 127
95f6f9c0 a3264e 14 0 -128
fd82b576 a4d791 22 0 -128
e04f07c0 b03479 20 0 -128
9915088f a7bce4 28 0 -128
c4da5c31 2b334e 18 1 0
c8f02a9c 6fb222 6 1 0
37661dc7 934e1f 19 1 127
8cc74df2 b98a1e 12 0 -128
e3a21489 e109b2 0 0 -128
0318ab39 ca7851 2 1 127
fbd6d0f8 394fa2 10 0 -128
a90dd0af d7abb7 14 1 0
5bcf15ad ea01ee 19 1 127
c9fb016b 5b8cfe 4 0 -128
9743b35e 4931bf 10 0 -128
c863463b b187db 9 1 0
6197afe2 5dd917 23 0 127
71f03937 cef650 14 1 127
bb5890f0 71747d 22 1 0
f6c4bddd 7870d8 7 1 0
e28ba837 0b218e 2 1 0
f7acbea7 7f03e1 27 1 0
3158d89a c9af64 14 1 127
9e4f5a8f 3a1991 7 1 0
4f804b49 998ab3 23 0 127
d816556d 572a10 28 0 -128
5d619089 4096c6 3 0 127
18aa9f5e 522f4d 21 0 127
b981292a ee5ff4 20 1 0
43530c4a 96cdef 13 0 127
93e9aa31 13b5d4 15 1 0
6bd94e0a b58edc 27 0 127
c5233212 afb0c5 6 0 -128
c1019e5a 941197 18 1 0
beac6f41 9482c3 4 0 -128
163f4b1e 502f01 19 0 127
302426b8 6a2e4a 4 0 127
06927998 4dadd4 22 1 127
a94e783c c2530d 5 0 -128
ab381f8e c3639b 20 1 0
94b3bcec edb83a 1 0 -128
90669b77 624ca3 30 0 -128
9e0fd743 967330 28 0 -128
bb015655 cccb8c 4 0 -128
ad8e9d40 453162 11 1 0
8e043bf1 f57f85 17 0 -128
d092492f 5bb11f 3 0 -128
62a6d366 5062c7 21 0 127
ac8c67a2 760425 15 1 0
016456f5 78bd33 19 0 127
d1e4df95 3cf0e4 6 1 0
14d6ff0d 413705 3 1 127
7f17a299 70142f 0 0 127
77779b50 67f4a1 31 1 127
0cf536e0 745201 28 1 127
b2dfaed8 62c641 29 0 -128
b1628dc5 8079da 17 1 0
c69af30d 4fc4d2 9 0 -128
e596beeb 2ed933 16 1 0
4257b548 5a8261 0 1 127
0e3ef96d 842823 18 0 127
de221dd0 aca0f3 9 1 0
91b4a03b d45a48 5 1 0
bddb178e c0e9b5 10 1 0
b4cf7cca a73dde 17 0 -128
0d4d3794 90944f 20 1 127
491cf1f9 a536ba 3 1 127
d7220a7a 1b7f35 5 1 0
17d71a42 b2cf9a 10 0 127
d0f8335c 0db14c 11 1 0
f17872ef ac3b4a 31 1 0
a8718fa7 feab63 3 1 0
11eb2e91 0c2dad 11 0 127
17bb92df 5a614e 22 1 127
452af829 91d172 0 0 127
e0f4d94a 2efb6c 15 1 0
7f46beb2 a716be 28 0 127
1e079dc6 07698d 15 1 127
deb044cd 467fae 30 1 0
c4902855 1de375 25 0 -128
988093cb 2dc043 20 0 -128
85548b2f eeda74 1 1 0
cb7b5876 64a54e 2 1 0
3541a78b 6750e9 2 1 127
048a3c83 5f0836 1 1 127
1eda0972 5c5a99 15 0 127
62fe3c6c b05f03 16 0 127
777e1dcf 6ac1a9 27 0 127
aabba0b8 93d34f 24 0 -128
9b47e491 65bbf8 25 1 0
4d74e16d 44b542 27 0 127
deb6390a ca05df 22 0 -128
524b1557 9f6061 5 1 127
85956ea5 9414c3 10 0 -128
9b902219 0e3ece 6 1 0
a11c4af3 8d73ce 0 1 0
1a00d06e fc200e 22 0 127
ce26037d 15f785 8 0 -128
f1fe28c0 a67452 15 1 0
4499433a 049dd4 20 1 127
2bde1975 6b8316 24 1 127
e3e9ab52 e2e660 1 0 -128
22741b59 48f4c4 15 0 127
0c221c75 e3cd22 8 1 127
5fbbbb41 da594f 12 1 127
97ec6c48 b8de10 28 0 -128
b3c19536 601960 16 0 -128
68465259 0082fe 23 1 127
6a41862a fee673 12 1 127
33991b94 2972d8 8 0 127
ce1ba65d ca7112 11 0 -128
469a6b0b 8ee53f 9 0 127
85fefaca 076c19 14 0 -128
25456be6 1e64c6 2 1 127
819ee393 107bcc 1 1 0
7cf0085d 3c1ee0 2 1 127
af5ff0e2 b9849f 31 1 0
2e5312af 8bdea8 10 1 127
dfe2280c 0604a8 9 0 -128
7532f02c 119237 22 1 127
37f0d7ab 25c607 16 1 127
f3e55cf0 935e6f 4 0 -128
65c60a99 53e8bd 15 1 127
e0ec5c81 353d5e 19 1 0
1bffe62d 88e56b 12 1 127
e8b78e16 1e0998 13 0 -128
144171a5 1cf81b 25 1 127
5981a809 d69c85 19 0 127
efecd6e2 4ca297 18 0 -128
d5cb2929 02196c 21 1 0
ac7fbbda dcf3cc 16 1 0
beadad65 bffb7a 1 0 -128
d8571353 ead13e 4 0 -128
107f6166 44c281 27 0 127
2af7559d 334966 22 1 127
bc7c4e8e b97ffb 26 1 0
5c5e108f 1d601a 21 0 127
13b56cab c7949b 13 0 127
8a7c9379 a73e91 0 1 0
1f3f7b34 2b7706 1 0 127
6442f156 d4bb0c 16 0 127
9194af42 707983 7 1 0
a8b2c9f4 33da5d 29 1 0
83c209cb d56a46 3 0 -128
43fdde8b b8c437 11 1 127
fb4a5857 08f487 6 0 -128
af7b6e46 a6041f 6 0 -128
c1a153cf 01b588 16 0 -128
a2a73264 50ac93 5 0 -128
78e0f400 b6a0c0 19 0 127
b03870ba 9fc534 2 0 -128
4d039982 fff8a8 26 0 127
bbd0b721 048136 9 1 0
9717732e e40821 28 1 0
3a9501f0 ab35f3 18 0 127
0f186c70 09040f 2 1 127
984529aa 4362a4 20 1 0
46493e24 f35fba 26 1 127
b3916dfe 30ce0d 4 0 -128
a86ac296 1ed30f 10 1 0
f6947c26 afd49e 27 1 0
10892dd1 e6c3cd 6 0 127
60dbea0e ff3f06 0 1 127
635030ed 648cdc 4 1 127
8ef4f703 f0139b 26 0 -128
3e626d25 a62bee 15 0 127
9e3e95e5 56ebae 13 1 0
da63db7a 7c4d7b 3 1 0
0b69383a 12d225 30 1 127
e19c021c a11015 13 0 -128
e8a04ec8 0d4860 6 1 0
4cce925b d18f19 31 0 127
8f140ffc 717747 14 0 -128
4cb9b6ef 144e80 25 1 127
5c73517f dcb28a 4 0 127
f48fd1ba c8efb8 1 0 -128
ae6219ff 777d11 17 1 0
be166793 26bfaf 11 1 0
60c5713d 53aca8 19 1 127
2061eed5 f1f3c1 14 0 127
6c39f69d c07481 18 1 127
3b4d08ba 912447 4 0 127
32494106 e273bd 5 1 127
48687985 137293 13 1 127
16af7f96 8aa8ac 9 0 127
620d9676 9c425c 30 1 127
8a32ca25 ef9450 11 1 0
c52dfffd fc7b96 23 1 0
7fc9a918 4d0793 17 0 127
79f29a44 26c67d 8 0 127
5da02598 c60f5b 24 1 127
fc55a3dd 769db4 22 0 -128
b504c57d fde1a8 6 1 0
956b534c b59585 26 0 -128
09152ca9 f338e4 0 1 127
620b7606 a73e24 27 1 127
ae344824 e34a7e 11 1 0
4bca40ab 3ef6c9 21 1 127
69e74cf6 f5a9f6 17 0 127
31f42d0f b9d70b 23 1 127
f30d54ab 38d773 30 0 -128
2885393b 3c765c 30 1 127
d611c4b5 3c7cdf 23 1 0
c2f175e1 f298d3 4 1 0
8950f33c 3b026b 21 1 0
a71d174b 90b203 27 1 0
275b16bb 1b4156 31 0 127
a6ac6565 b0fdad 4 0 -128
fdc0400b 24bb08 16 1 0
55835da2 5942fb 21 1 127
a0c6c414 fdd2d2 2 1 0
57cd6474 a8cbff 13 0 127
dcd16078 14a2da 11 1 0
b6af0307 e33c7d 8 0 -128
98e1bf20 866521 21 0 -128
1dcd9572 174ce2 10 0 127
811335af cda8c5 16 0 -128
6ae76e74 1dbcbc 7 1 127
08b20019 15e06a 13 1 127
d04845ea bf69e1 20 0 -128
d1bfbeb6 b5c214 6 1 0
d4f8ca6b 4118f2 8 1 0
bd47d8b3 bc601a 29 1 0
c2d329ce b79e4e 16 1 0
96817c9d 69abab 9 0 -128
8c187622 30ddd1 20 0 -128
726aeafe faddef 6 1 127
b9beea21 6396be 17 1 0
be0fbe0b d8605d 25 0 -128
1cf4de8f 703600 5 0 127
95766537 91c285 4 0 -128
732a7a95 11a557 8 1 127
92208583 2aa829 0 0 -128
f006a94b a85f5b 19 1 0
3f9c8325 29cfa8 11 0 127
3891e77d 362765 6 0 127
07e78e37 8c9b37 13 1 127
a75b8d7f dde153 14 0 -128
859203d5 d1a485 13 0 -128
14716c3d 71efe9 9 0 127
63f74164 6ac2a6 21 1 127
fe874212 0be724 11 0 -128
15523497 02b92b 18 0 127
46bb9792 4b2f8f 5 1 127
629c4d29 4f9c1b 17 0 127
2988ba5d 7dd63a 17 1 127
5c7f5bb2 2f2318 20 1 127
0f9e69d6 a616a2 25 1 127
b74f37e5 a2d226 6 1 0
38240c7f 56ec10 28 0 127
0a104bac b29734 20 0 127
f41c2763 3bc978 13 1 0
48332c28 c8782a 6 1 127
85634d0d d292a9 27 1 0
07c46375 993988 5 1 127
b047f6b9 f1244b 14 1 0
bb0a3b0b e80704 20 0 -128
0f544d75 d50de7 11 0 127
af80ddc8 6b3805 11 1 0
84e3ed92 c5ae20 12 0 -128
f5c9d205 42433f 19 1 0
305ad1a2 3d78a7 13 1 127
3483fafd 8bec20 27 1 127
8f2b3f38 6b3bc8 14 0 -128
f29d790f 0c35c5 1 1 0
e4549e24 c9c5e6 29 1 0
2d1bdbc0 9826f6 10 1 127
59209fc0 e1d688 2 0 127
8f6fe6f5 4d3857 0 1 0
02037137 5f7ed6 8 1 127
2202cec4 95c23e 21 1 127
37d2e682 18fd33 30 1 127
b076dc39 98faa7 13 1 0
b3aa2b20 72db33 17 0 -128
9221098c 09153b 20 0 -128
e08f3c24 d43cfc 3 1 0
7b98363d 3fae04 3 0 127
0278c2b2 be009d 11 0 127
351f568c 75e4f5 23 1 127
4aca33a9 e4d34b 12 1 127
fffdce92 01c034 11 0 -128
0cda3703 756b83 4 0 127
66d2d4c4 797adc 31 1 127
a14e0de1 5dc186 10 1 0
603d63f2 3be364 4 0 127
c180ed8d d44800 11 1 0
33105d26 6bab15 17 1 127
01053e33 046ff8 26 0 127
a8b4de24 6f504e 17 0 -128
18826ef6 2f040c 18 0 127
56891f70 0ee1c3 15 1 127
47cf5fd0 555131 10 0 127
b441e8a9 05a5cc 24 1 0
007b8b6c 65ca20 23 0 127
fece57fe 51eddb 12 0 -128
d9ea431e ec5d83 19 0 -128
ba88f0be 393bd1 20 1 0
573a8d48 54b683 31 0 127
51902468 fcf2d7 31 0 127
55da141a cfa446 11 0 127
af632b09 a32237 5 1 0
b770ca98 0438ea 8 0 -128
f20e3f22 bec16c 30 1 0
07a47bdd 2161ad 2 1 127
4fc2489c a5ed0e 29 1 127
a7b7c360 72a93b 14 1 0
0f5340f2 b3c6b8 21 0 127
6365eca2 285176 13 0 127
fb2292c7 aeb9cc 1 0 -128
ae97be4b 9a1889 18 1 0
eea53431 19da85 9 0 -128
2a15c737 82304c 19 1 127
e6de5ff7 13a96c 15 0 -128
d03ae9e9 cb33b4 26 1 0
61277b07 fa5cc4 5 1 127
183a1cf8 38a3eb 10 0 127
cafd9a82 e75006 25 1 0
18efa694 c4a297 16 0 127
e8132d27 623c53 19 0 -128
f8b1d633 7cea5a 31 1 0
946c60fd 8db996 28 1 0
8311793a bf2802 1 1 0
4576af4c c1d51d 13 1 127
dd80fbeb 3490f9 23 0 -128
fd263f8a 307ef6 5 0 -128
2b5c06b2 8f38d7 9 1 127
a7640d62 9db428 4 1 0
3c542f3b bc8986 19 1 127
93143c86 719a0c 20 0 -128
876a0fc1 ec7d2e 18 1 0
bdb6f16b 015cba 30 0 -128
aa8a235d 00a8fb 5 1 0
f3f2eb47 302e64 17 1 0
9a68884b 71e12c 18 0 -128
6e488cca 783713 14 1 127
b103705e e48c52 14 0 -128
579984da b21296 8 1 127
22947411 ab8c40 4 1 127
4aa2681f 39f4a3 5 0 127
6520923c 433471 1 1 127
a59399dd 0ad27a 26 0 -128
9a37f9c1 79817f 12 0 -128
26d011f3 90d81b 20 1 127
d0eca801 a6b29e 29 1 0
43d4a5f4 5ebf29 21 1 127
5cc59d70 94c990 20 1 127
b6a2e5ed bda904 13 1 0
404c641d 1d7e18 10 1 127
5a0c7d4d fa89b6 12 0 127
03107624 c0fe73 19 0 127
1180a7b6 f3f7a8 10 1 127
5a4196be 645d00 18 0 127
8b79e9df f4d006 8 1 0
dbd9e915 6ac367 4 0 -128
f3ffe7fe f94d04 13 0 -128
b50658fe 028d69 8 1 0
cf4f5284 5198d4 18 1 0
d2db2783 6a2c55 18 0 -128
18836b37 c18327 18 0 127
a638f768 1610fc 16 0 -128
b60792ad 1e650a 4 0 -128
40aaf37a 020983 12 1 127
8622b66c d7ab58 24 1 0
87247a24 84ef7f 13 1 0
8786d98d 660baf 12 0 -128
61d72617 c422ca 7 0 127
300408f1 33181b 14 0 127
ea24f675 7085d5 8 0 -128
95c34a2e fa51eb 14 1 0
08ef81c0 ae2699 12 0 127
6fa16516 7b99ee 19 1 127
fe66eccd 84d730 19 0 -128
b134699f ac4f59 17 0 -128
aa608668 73d3ed 0 0 -128
07d1be96 5f0ce5 2 1 127
61d1a3b0 f0f76a 4 0 127
8cf4423d 173f7c 4 1 0
1100ee7c 885959 22 1 127
681b20f0 e1a7ae 17 0 127
fe3c03a3 1ea459 27 1 0
8b7c314b 92464c 13 1 0
d6447eae ebb425 29 1 0
eae44111 2ca884 4 1 0
12009b93 8ca2d5 30 0 127
04d9190d fe6263 1 0 127
96f0167c e67f90 8 0 -128
e4a4c827 d38136 11 1 0
f26adfb4 56b30c 30 0 -128
7d086851 ddcb21 1 1 127
501ee131 fa7fbd 16 1 127
d821883b 960afe 6 1 0
af27c4a8 8f5078 12 0 -128
6f00bcd5 73bd97 8 1 127
12e3ae7f a702c5 21 1 127
318092f9 8e61a6 19 0 127
cb9ece2b 73afe9 24 1 0
9707f70b af025d 24 1 0
b462be53 683d14 20 0 -128
02b486b0 70abb2 23 0 127
65257658 a68e5f 9 0 127
2becbfb3 9ec404 4 1 127
e9af4d42 fbaa55 30 1 0
6c1446c0 39560a 25 0 127
3eb7802e 7cfe49 13 0 127
43517c55 6f01c2 22 1 127
414ca591 d154cc 0 0 127
8dbc1017 07fdaa 18 0 -128
f48acf75 d97bd9 31 1 0
31472e1b 1191be 24 0 127
c529c094 aaaa12 19 0 -128
20cde039 732408 4 1 127
5c890235 9fde1e 5 0 127
6ef625a2 7c622b 3 0 127
7e15bf0a 8e9dbb 27 0 127
b65415d2 76a97a 30 0 -128
b49f6a47 105eb8 18 0 -128
43f77e93 91a756 14 0 127
709b2bf1 e2ba3a 15 1 127
3cce79b2 11b6bb 4 0 127
d72a26ae f48db8 4 1 0
63515e72 db665a 21 1 127
c8fdd83a e960f3 3 1 0
a07fd054 e58e61 9 1 0
3fe0d3e6 d122ee 0 1 127
590b99e2 a5d92d 12 0 127
045a7c86 aadb24 29 1 127
99067530 413e0b 6 0 -128
cc32604e ffd206 7 1 0
c23308e8 e05d3d 16 1 0
3b5b50a9 68a896 6 0 127
bc118bfa 2f9de4 15 0 -128
aeeeb691 134bfe 13 1 0
4fa35edf 99730b 23 1 127
25df1e09 9d0f97 18 0 127
8362eb3c 635541 19 0 -128
0201e804 02d4b2 20 0 127
81b3f9bb 64c46b 6 0 -128
962de5b8 e3da02 8 1 0
c31bad4e 2ea439 10 0 -128
b86262aa 8389c3 16 1 0
c8e677ab 3c7100 8 0 -128
a9f14998 af9c6c 26 0 -128
4c5ecee6 f0cd0a 17 0 127
9830249b 607e07 13 0 -128
b296cef4 6f0079 28 0 -128
c006e7a0 654f30 22 0 -128
6ffeb439 a8933a 19 1 127
8576d5cb 82297d 17 0 -128
44bfe216 b9b144 18 0 127
ac08581a 08199b 20 1 0
b58b7789 ab3357 24 0 -128
4556f34b ebfed9 31 1 127
85e897ed 3a1767 1 1 0
70d0a82e 5f8189 29 1 127
d1229ffc c8c941 28 1 0
234e5d3c 989cae 13 0 127
735ebddb 82a900 5 1 127
40c5b652 dd13c3 22 1 127
0b773609 0755be 28 0 127
8bd6fb88 b65dc3 29 0 -128
5913fadd ffabee 2 0 127
eb892296 0d6725 20 0 -128
27d087d9 e4b79f 30 1 127
57dfeb0f e0c43c 18 0 127
5493dbca 9d1b02 2 0 127
41312af8 578cdc 18 0 127
50d839a1 765ab3 0 0 127
ce53225e 243a6f 0 1 0
c50b2b4a 9b73ee 22 1 0
61d3d045 3a11b9 8 0 127
18c8bceb c7bcf2 15 0 127
55de06e3 4eab23 27 1 127
0bfa27e5 13743d 30 1 127
e2e44147 afeb2a 10 0 -128
3204ed73 ce0e2d 26 0 127
2ec25a12 e103b1 15 1 127
08ed6ca8 634b15 24 0 127
53e11a9f d7da02 9 0 127
e5b8394a e25bd0 2 1 0
f7968bd8 0bd12c 3 1 0
bf760fc2 f420b2 26 1 0
4d47d8cc 32fcba 24 0 127
205fea15 9e694a 15 1 127
a915ce91 d9d20b 21 1 0
98d35f51 48e7cb 20 1 0
4f31ab36 db24ac 2 0 127
bfb6eac6 7cffa6 26 1 0
dbcea9a9 3c7503 7 1 0
f2e4f103 0a471c 29 1 0
d997d007 83414b 15 0 -128
e804abd2 0bf194 7 0 -128
2364287f 613d9c 18 1 127
6ad544ec ec9a33 19 1 127
dcbd2a20 ad9cae 5 0 -128
1e181879 06a35c 19 1 127
c3e334f0 43d1d2 19 0 -128
0bae754b 81c77b 5 1 127
14444386 269466 2 1 127
878bad6b 7dd8c1 15 0 -128
bf4a09f7 aec17b 31 0 -128
1b390250 333d37 31 1 127
7faaaa9b e4e093 12 1 127
24f90ec2 163800 20 0 127
b6be30ed 6ece9a 19 1 0
1cd15f54 99d627 10 1 127
df11ba81 f11b41 13 0 -128
31a97d7d d7ebba 24 1 127
cd564bcb f5f5d8 24 0 -128
de152cb2 2dfce8 23 1 0
b47f52e4 536607 15 0 -128
def7f7f5 718ccf 24 1 0
6ba07987 ab2b37 31 0 127
1a2ec6aa 133831 22 0 127
7a5002cb 250503 28 1 127
cbe25046 3c077c 23 1 0
fd734599 628779 0 0 -128
bfa59977 826501 20 1 0
338b5a1c 77a9b6 24 1 127
f54bb72a 304063 29 0 -128
cea97a07 34fb72 2 0 -128
833abd41 3c1df7 7 0 -128
c89fb165 f37fcd 16 1 0
3e7a30ed 458f04 7 1 127
98142998 06e5f1 10 0 -128
242118eb ce5092 0 1 127
108f296c 158f4a 2 0 127
73745d5b 3358ed 0 1 127
fdd1053f 725df6 15 1 0
b47459cb 52c8c2 7 0 -128
540d6cfa c8306b 21 1 127
71eddcfb a21706 29 0 127
dcec8384 8a9754 11 1 0
c43a05c4 997921 0 1 0
f0906c7f 12e7cf 16 0 -128
c452766e b8fbe5 15 1 0
6282a022 8b5dce 8 1 127
385df04d 807664 3 0 127
227dd3c9 c4ba5f 19 1 127
22e4ca34 ba487c 4 0 127
707d2b3f 3ed257 0 0 127
ccd6bcac 043f6c 27 0 -128
2e7d72fc 236c93 11 0 127
7d431aad a928c1 10 1 127
b92cbd4e 66d78d 29 1 0
4f1f778a eebbce 20 0 127
5e91148e 1b33d7 10 0 127
38fb8a49 33b006 8 1 127
0d64545a 5f02d7 20 1 127
d2df79dd 66d0dc 16 1 0
0dc1317c bfa36d 15 1 127
59829a93 0493fb 18 1 127
48e08baf 17cdaa 24 0 127
a7fbb6ad 14b0e7 14 0 -128
6ed8c0f2 d27946 18 0 127
338d98d5 3d04bc 7 1 127
56dc3efc 4a2dff 5 0 127
24dac3ed 1e9aaa 19 0 127
c4ead762 09a75a 22 1 0
34370466 a351e4 22 1 127
51a3f393 b3751d 18 0 127
b3af7a61 635ec0 26 1 0
47ba7c71 3fc1ce 27 1 127
3d2c72ea c16ee8 4 0 127
a9ea13db 6309c7 0 1 0
6a63ca40 fd66cf 31 1 127
77fea784 7dec62 24 1 127
84ac5c67 8a6e6b 8 1 0
296b3ea9 d63fd7 21 0 127
86e6f832 00bf95 5 0 -128
fa78adea 9665cd 4 0 -128
4f924e54 e4e8d6 29 1 127
22d40f7c f70fbe 14 1 127
35e780f0 fcdd83 8 0 127
f1b1e6e7 62d7e7 21 0 -128
72c376cc 7a0c04 22 1 127
de188035 0f7669 21 0 -128
d5f55ff4 db32e4 29 1 0
eb26faff 93b060 13 0 -128
a1f64fb8 1f82a9 19 1 0
478d8324 53dbe4 26 0 127
512d2a12 ae3b14 6 0 127
61cfc5ba 83c9dd 1 1 127
9bff16fc 44799a 3 1 0
a9ba4d69 145e0b 31 0 -128
1c5f3d55 d8d90b 22 1 127
57bbe854 7a1f3d 7 0 127
8be780f2 36fa27 19 0 -128
3c616fb1 5542f7 11 0 127
63e1654b 77c50b 19 1 127
cee4e15d 5fdb4a 13 1 0
774af82b 4874c1 4 0 127
b496414a c6d623 23 1 0
e742158f 2c51cd 14 1 0
b20cc755 45a12b 27 1 0
f85d1f2b 7fbd5c 29 1 0
a3a900be 527cf0 6 1 0
7f8fcc58 1f4641 14 1 127
337671ee 39098d 5 1 127
a81fc9ec 1ab4d3 15 0 -128
b05348dc 0ecf8c 6 0 -128
34142ffe 235ed8 10 1 127
71c572fc a76989 19 0 127
b3c6bcf2 cb7c98 22 1 0
0df051ba f4187b 14 0 127
57f329cf c67f28 7 0 127
86070492 2286e1 4 1 0
bb2a2c2e 1d1e4c 8 1 0
bc3dda1f 2c7318 2 1 0
9e21f06b 9d4b44 29 0 -128
5b78522b 25e935 11 0 127
378cc18e 61238b 29 1 127
dd79dad2 8049f0 7 1 0
c552121e 62d303 17 1 0
57bc2be2 a150b7 1 1 127
edb71a02 798da1 1 0 -128
7285e9b2 f1f072 31 1 127
92f0c6d6 c431ed 8 1 0
3f4a0b57 cd0070 3 1 127
9d88eac8 a372c6 0 0 -128
f039d2f6 7715cf 29 1 0
c5386537 80fdd2 31 0 -128
9f4220c0 ca4c31 13 1 0
d28f4e30 650ccd 19 0 -128
43627732 d565e4 2 0 127
dea36cd6 4700fc 19 1 0
812e71cc 9e4208 13 1 0
242d2d2f cfac00 11 0 127
a74b0618 718943 14 0 -128
d3814a3f ebb2dd 1 0 -128
c2604d76 e4a7c6 25 0 -128
951b89c3 790411 0 1 0
a2fbb57b 830e20 4 1 0
93c9778e 91d1bf 7 1 0
32fdfd56 400018 6 0 127
73d71581 ae7d28 6 1 127
695b9fec ae8395 9 0 127
39cd61a5 daea7c 20 1 127
cff1a0fd 20f68e 17 1 0
99d02a76 85c038 6 1 0
3e393db3 195ceb 20 0 127
ebb0ba10 fa1fd7 10 0 -128
fbdcf206 5c1e4d 21 0 -128
e225d1f7 794dca 1 1 0
cb81ea9a c09726 13 1 0
78b94ed7 c64f44 15 0 127
54744b63 0c95c9 15 1 127
7b6a4703 b1aeca 24 1 127
74517b05 23f46b 6 1 127
72a61faf aa70b8 13 1 127
221ba404 c46311 21 0 127
fb702ea5 f592f5 24 1 0
55396acc 32ef37 16 0 127
0b60ce64 203de0 6 1 127
deaa2a98 6d759d 13 1 0
191f7aa4 d83261 13 0 127
8a212614 df301c 7 0 -128
1355a0fa fb23e0 8 1 127
544424a6 ae56d2 22 0 127
9b35fcd1 0425b5 3 1 0
1a803d05 3ca3af 1 0 127
2c2a36ee ac6782 9 0 127
e48b827a 779e97 25 1 0
3f23b200 f30ceb 8 1 127
3ce71486 15906b 24 1 127
ad4e7ffa 75cf0b 20 0 -128
67ceeec6 b93e1d 6 1 127
74c8d590 61faa9 13 0 127
a16d96cf 27f28c 25 1 0
9039e148 86c38c 23 1 0
d88fde04 a779e0 24 0 -128
417d2248 98d794 28 0 127
a09848b4 b34a8b 24 1 0
196bb877 dcd917 18 1 127
658324c1 77deab 22 1 127
8a3c6ac1 ebe3c7 30 0 -128
fa14edeb 8cc796 27 1 0
0eabe58a 138c77 1 0 127
d25aa55a b61832 12 0 -128
a7b721a3 341790 12 1 0
784344d0 e6b10d 3 1 127
df2d13e5 37ef14 11 1 0
4c26bc35 88105b 13 1 127
b90fb99a 3e19ed 10 0 -128
ea796984 4617ab 13 0 -128
33af82ca 76e163 8 0 127
a6184752 8b4d17 7 0 -128
aa87164f 89c50e 7 1 0
671a5714 6887b6 29 1 127
d07f2eb9 38ad2a 10 1 0
db49cef8 47dd8e 6 0 -128
257ecca1 2217b6 14 0 127
ba46ccbf 704954 23 1 0
a0a93bc9 dc9d30 1 1 0
e72cdf15 043cdd 8 0 -128
b1ae797b bddbea 6 0 -128
6f57bb8b eac734 3 1 127
26be4a6f 13f7bd 24 0 127
04aefa8e df8931 23 1 127
f3970db8 c2b216 13 1 0
78fda2da 705ee2 29 0 127
1c4da6f6 f3849d 7 1 127
cb242d51 d21df6 10 1 0
52bde232 41a47f 22 1 127
228a5ba4 b3d2b5 25 0 127
fc6fc00f fa0bd9 22 0 -128
44215bc4 d9ef0f 27 1 127
8af6eb1e 05c4af 28 0 -128
1756ca7d 189b52 8 1 127
d6b8a123 b48c28 23 1 0
6278b8af ce9959 31 0 127
cc22af10 5a8c2d 20 1 0
1b2cf970 7ef631 3 1 127
cf19d02a 2d8955 29 1 0
3214b61a 95240e 30 1 127
5840c145 0a92fe 17 0 127
99064473 6c631a 13 0 -128
116eec6f f1c18f 1 0 127
fb0b8666 e50afa 13 0 -128
faaff602 489e64 29 1 0
c7505b1c 6a39d6 22 1 0
04efda61 cc96a5 27 1 127
73c78401 9fa503 10 1 127
1f05c611 b3c255 16 1 127
bcfbd4cd 00dd8d 15 1 0
e44f066d 494cb2 19 0 -128
f22b3ba3 48a01a 9 1 0
71668033 fb56c3 23 1 127
fbb5f099 3adbb2 11 0 -128
fc5e44ca 7d6c05 24 1 0
be426e03 2641a4 6 0 -128
b45b201c b4c1df 21 0 -128
c1b52112 cce712 27 0 -128
04e3073d 4bd213 18 1 127
274bd6a7 50f098 17 0 127
026b9536 46cbce 28 0 127
6594973e 824db0 30 1 127
80d6dd14 73f831 18 1 0
64768343 5b2678 13 1 127
9f718ea7 a71238 19 0 -128
eef4a59a 3db7c8 29 0 -128
4aeae04f b13e70 20 0 127
8556f3fd 861ab7 28 0 -128
fcabbdf6 5dce41 25 1 0
3518c2d5 00cb10 8 0 127
18645129 bbe8db 3 0 127
3cc0aa68 edc040 26 0 127
8885fddf f1de4f 31 0 -128
1c663131 fe3290 24 1 127
5c87c17b f7dbd4 18 0 127
59b508f5 edaf0f 19 0 127
dcd4ed14 0185cd 0 1 0
d5d0eb4e feeff0 0 1 0
80d1431a 7bbb0c 28 0 -128
d817713d 7fc6d8 11 1 0
e66c967c 64ce54 4 1 0
61ae490c e7ab25 17 0 127
e52e4c92 6b0043 14 1 0
8f8ee12f 6ae0bc 1 1 0
fd82d2c7 112a3c 1 0 -128
1c2b785d d0646e 21 0 127
59186c23 608da7 21 0 127
0ed2340d 229f9a 30 1 127
e9975c20 3a1a8f 8 0 -128
0139b77b 5c75ad 3 1 127
cf81e7de 550a75 11 1 0
6ce7db4f a1e20c 7 0 127
6d09f032 e8e92d 11 0 127
aed9d8ff 3c7a0e 24 0 -128
f737576c 149d66 21 0 -128
5d9e87cc 248aac 3 0 127
d459e917 311cfc 22 0 -128
27e73039 535069 10 0 127
8e952032 987c72 28 0 -128
155ad562 73c427 18 1 127
f565d509 32219e 29 1 0
67d3ec31 60a3e1 15 1 127
a5aed33b 03d959 29 1 0
34f13be3 4725e0 13 1 127
f6fb1503 d79abc 14 0 -128
85774d0f 79a138 14 1 0
f307d042 e18c1e 19 0 -128
6c9368be 40d535 13 1 127
67516cd9 a00b8a 22 0 127
1ed59a70 c70608 6 1 127
1c8e07a4 ce983c 10 1 127
1c947037 e43e59 11 0 127
cf2e7e09 bd6a83 14 1 0
53a9c0ec 47b9b7 4 1 127
5f010b1e 730e1a 21 1 127
7d4ed1df 7c706b 21 0 127
e8a1daa9 9d3c77 24 1 0
a569fc3e 970973 12 1 0
77a50b65 bc2369 15 0 127
76603162 1dbb0d 7 1 127
fa8f93b5 44030c 31 0 -128
db6c3689 2b2a70 11 1 0
d0c95658 514491 5 1 0
1a55555d 5325f1 11 0 127
041281da a0a219 11 1 127
3f1a4e0d 96e328 9 1 127
e00f9a42 c797d7 21 0 -128
94608593 5af7af 25 0 -128
52fab61b 3c8a4d 16 0 127
246ae27a 071112 6 1 127
1d00fa9b ff8bda 14 1 127
e733773c 0ec608 13 0 -128
06012f43 101d22 12 1 127
0ded6ca8 174a3c 12 1 127
fe6fe454 743170 30 1 0
8b030f93 09957a 5 0 -128
9ab78f79 72cc81 21 1 0
a8b773cc 0a746b 10 1 0
f6e80bd2 433f43 10 0 -128
eb9b8e5a ee46b6 7 1 0
20c1584b 755abb 20 0 127
ab79fe94 3f03f0 2 0 -128
dd2d7b17 1995dd 5 1 0
36f69fe5 9c07a6 21 1 127
44e09329 c10769 10 1 127
68a55a0b 034810 10 0 127
831c69e8 f4f2c3 18 0 -128
acfbde4f 07e6e1 28 1 0
75b4a5a6 cffe1d 11 1 127
f18b5309 ded24f 3 0 -128
27b84ada 4c194d 6 1 127
ec721c14 c7a495 14 1 0
99eafc1b a5ce24 10 0 -128
70f90a1e 6b429a 14 1 127
27f0d0b2 12eabe 14 0 127
68c3ef63 9e2f9d 6 1 127
c5be49e3 ff383f 23 1 0
076e7af6 66fbae 6 1 127
cfc422e8 7b597a 16 0 -128
4880efab b72310 13 0 127
e56a5149 e08e16 22 0 -128
1c85ee98 381f31 16 1 127
2d1109c0 4e8667 12 0 127
269f3453 8faf8b 1 1 127
19c00ea9 b3ae04 26 1 127
f2bb07bc 51fdc5 17 1 0
e9fd1bd2 2da071 18 1 0
17e0a21a e36623 5 0 127
23891ace 5a2c50 16 0 127
11b114d1 9c5fa6 27 0 127
cc81d991 054005 12 0 -128
02da5133 da53ec 2 0 127
21d0c78a a4c508 22 0 127
3fa19af7 8aaf9b 3 0 127
d17ae5a5 34dd18 19 1 0
6b435896 991203 22 0 127
b413346d ef5653 20 0 -128
cf2d1613 4b31ad 18 0 -128
de931bc1 ac2d23 8 0 -128
b1b6552b d719db 1 0 -128
21d9b327 9525a3 29 1 127
80f2e946 a82e1b 12 1 0
b716c898 60f99a 8 0 -128
993913fa 6e9868 6 0 -128
d5db9811 b4b17c 21 1 0
c1e43ee6 d47985 5 0 -128
703e633e 9bc332 24 1 127
cac3848c 900b46 14 0 -128
ba2833e5 8d7fc1 11 0 -128
a4afb608 a3e277 2 1 0
5d8d88a0 2dc396 27 1 127
0058e9be 9ddaa2 29 1 127
c8990294 34303a 17 1 0
be5d8c45 ceaaac 15 1 0
e5621edd 96c47a 29 0 -128
89e973ef 7eefc4 9 0 -128
ae868cc5 b5ae3b 5 1 0
93d8a0d8 d6a353 12 0 -128
e3b6778e f49613 31 1 0
f62234eb cc88e3 17 1 0
941c9dbd fb9487 12 1 0
25670763 a75887 16 1 127
6c207972 5a6e9d 10 0 127
2f5d64c9 6f6a26 8 1 127
171f1199 2f1407 15 1 127
674d4bd3 b0dade 21 1 127
28fab0c8 7c4b07 29 1 127
4ff2d3e9 2c3a8f 10 0 127
0268983d d0aca6 11 1 127
0a8bb065 b2adb6 4 1 127
2529496d 6466e6 26 1 127
8b914695 9d9ba9 28 0 -128
d0d03593 40323a 10 0 -128
c1325fc3 dcff1f 13 0 -128
c08cc0cb e3eaf1 26 1 0
216c0ff2 d1bf88 20 0 127
3802f804 21c040 20 1 127
4d5591f0 8c701f 31 0 127
00bfda6a d24b71 12 1 127
be60f757 848261 18 1 0
c93e992a 778cef 24 0 -128
87efe53c 95cffc 7 1 0
5d245802 15b653 24 0 127
88f7313d 05ac8f 5 1 0
63203ab1 75c9c4 6 0 127
fc0df075 f3bb07 4 1 0
b43e9863 528825 23 1 0
ef9608b2 a4de1e 24 0 -128
b18a6f1a 061a56 14 1 0
95ef3787 6a7318 13 0 -128
0df4ee94 64f70a 19 1 127
9b54276d e84857 27 1 0
535b3b2d 9716a1 5 0 127
23ed1195 e646ef 16 0 127
36af6804 0d7e6c 14 1 127
e62125cc 1fc0a4 20 1 0
01e6c896 dbd3d5 26 1 127
defc3764 eae108 15 1 0
f222001d 18bea2 9 0 -128
2270502c 5265a8 4 1 127
f7bab721 3ddd62 4 0 -128
efd34e0c 2c8833 26 1 0
0b27e866 1da01b 24 0 127
2162980b 6bc1ea 7 0 127
c3776cfc e4da7d 30 0 -128
abb79117 f52325 0 0 -128
102f5727 8fa01a 3 0 127
dc70f043 ac127f 20 1 0
58f4f4df e10068 29 1 127
8fef5409 5336fd 21 0 -128
9e3cdd16 e7cdfe 13 0 -128
b9459695 e8d87f 14 0 -128
ee0ab642 b49e0c 31 0 -128
074f16f7 d0b246 12 0 127
6c289f48 19c44d 9 0 127
c3a86b86 cdc2a2 29 1 0
f76e8d99 fc5841 29 1 0
3d0023f3 b0ff58 29 1 127
031c59b3 45eddd 29 1 127
39bd3dc7 9971e2 12 1 127
6197fd37 cc6d31 0 0 127
4376ec7a 52970c 27 0 127
6407300b e113e1 31 1 127
d4e87a99 4505fc 27 1 0
57be8c7b e1f34a 16 0 127
09045b9c ae4b9a 22 0 127
60fca9b1 a8e633 30 1 127
262bee3d cdc0b3 4 1 127
a3769d96 96fafb 0 0 -128
406ddb31 c6d064 6 0 127
8a35c756 7cc7e3 7 1 0
67c7ff3e a2ae36 13 1 127
0cbe69ff 257df2 28 1 127
141b78a6 b07845 2 1 127
c10b2659 e4635b 20 0 -128
8db00c0d 8d0a28 29 0 -128
a911b9c2 292e83 19 0 -128
28ecff45 03f72d 6 0 127
26926872 3cefce 8 0 127
c4662f97 863c32 29 1 0
56b26030 bfcb5f 12 0 127
69e2265f e1d0de 6 1 127
29ed656c 06f139 14 1 127
f9cd40de c08c9d 14 1 0
b0117983 2ed6c5 4 1 0
7a6b6db8 f1b6a8 9 1 127
f14158a8 7ef185 8 1 0
5e843b2a 88fc4e 5 0 127
3b8d8317 2f1865 6 1 127
e6bfea05 d4c98b 19 0 -128
0bb81870 4af7ea 3 0 127
dd2475ff e7388d 14 0 -128
acd7888e d5179d 1 0 -128
bee815d3 ba527a 9 1 0
13a3bfaf 265067 9 0 127
fe72c287 f09808 1 1 0
47d076a1 fc9979 16 0 127
d1243b30 3b4a11 27 0 -128
17a72ca9 ec0233 13 0 127
1a977e3a 2223a9 4 1 127
c71ce1ad bb0a84 28 1 0
35407987 9f9907 24 1 127
6adfbc60 30db1b 21 1 127
c1fb9155 2e6e53 22 1 0
799a6ae9 96559a 16 0 127
0f9bd2a6 69b878 25 0 127
fa1b17be 2257ff 29 0 -128
c7aa953f 9f5000 26 1 0
a7d4d757 96e786 6 1 0
9538850f c8a18a 10 0 -128
cf075220 2b9da5 7 0 -128
aeb4a008 1ad7be 28 0 -128
2a8acb57 7ac5c5 24 1 127
4cb9ffb0 748c1e 7 1 127
e8fab69d aa3f60 20 0 -128
1d90a0df 76976e 21 0 127
d8899791 0754b8 20 0 -128
b0c33d8c bdb82a 8 1 0
9e9192c2 55297c 9 1 0
5ef65173 f68a5e 31 0 127
134257e5 aef25e 22 1 127
6e12dc0a 1e7723 16 0 127
bc400f78 871b6a 11 0 -128
780aa812 a1358c 11 0 127
d3a31096 c0d03d 29 0 -128
1b660033 085a0c 7 1 127
c39df96c 8e6274 28 0 -128
216df823 418a76 6 0 127
00f63219 2cbbe3 30 0 127
2ab2e361 dc6199 16 1 127
7ed6717c 2f35d3 15 0 127
c16074db ef7e25 15 0 -128
313bb287 271aa1 28 0 127
592ec313 2fab60 27 0 127
0705a1f0 39dac7 13 0 127
04f2f17b 22d9c7 17 1 127
f1bf9da3 35ab94 30 1 0
b4382e00 797d69 26 1 0
47117f33 cf00ce 2 1 127
b6f1be86 6613e7 24 0 -128
f4dd4cb1 e19bcb 7 0 -128
c642b121 5c93e6 22 1 0
7a67ab30 948f9f 28 1 127
5c2adf9b e8d26f 10 1 127
b62c7d68 3e839f 3 1 0
894090d8 c9a355 31 1 0
d5cf5923 ff39d9 30 1 0
ee4d264d f3649b 10 0 -128
5c512a75 044f66 5 0 127
9d2f6a49 aef5ef 11 1 0
dff24ff7 d21aac 23 1 0
18675456 ce45d9 9 0 127
af54f070 613ab1 7 1 0
4a03dbf3 cc3868 10 1 127
b4472179 1546f4 2 1 0
7ee711ff 96b804 12 0 127
642c7b87 12ff8a 8 0 127
00cf31c1 fb3037 17 1 127
99165336 eabc07 2 1 0
028edc1b 2e843b 14 0 127
50c61606 b18064 5 1 127
7b3c209d de68fa 4 1 127
78011b2b 275220 8 1 127
6cf067ea 7f3661 9 1 127
b214f3e5 7bc7a1 30 1 0
9b33be93 07d735 29 0 -128
6651ce6a 9b45f7 11 0 127
7a3c755e 8bdd0f 1 1 127
42851b01 250c30 4 0 127
8e4348bf 25f6f0 2 0 -128
de7eea01 4de92a 2 1 0
76378ee8 8e67a7 23 1 127
7a4ffc3d 471320 3 1 127
5abced9a 680701 21 0 127
1f9044c6 bc4b19 14 0 127
6bac15aa dabee4 28 0 127
7b8f9d8a 2cfe87 27 1 127
82134e8d fb0ae3 16 0 -128
444923c8 eeff11 23 1 127
4907834f b6e5b1 24 1 127
597bd23d a9af86 24 0 127
3fff089c e07b40 9 1 127
3557e7b3 45e57c 23 1 127
57154601 8b60ce 0 0 127
d60eb722 638042 7 1 0
a6c010ed e0e030 4 0 -128
a97ae979 1e0fdc 30 1 0
36211639 b27256 28 1 127
58da2eb1 734107 31 0 127
2948b3f5 bc2f72 15 1 127
23b48674 7a9e76 29 0 127
99df097f cf5d88 20 1 0
38490bbb b7007d 7 1 127
462fafea 7a2d3e 5 1 127
b9026dcd de2aa8 5 1 0
971df0d7 4bcfd9 17 0 -128
6421dfd8 01bf07 13 1 127
23b9ece2 c31320 26 1 127
3db826d1 61a22f 10 1 127
b41525f6 88603d 23 0 -128
17081204 281e7e 18 1 127
401bf029 79cb0e 5 1 127
feffcf34 c54a9d 27 1 0
0f6ff55a a41b0e 30 0 127
237f1467 653c03 5 0 127
192f2838 7c040c 17 1 127
a8545eac d2667f 7 0 -128
c979cc67 bceb0f 23 0 -128
3d3a0adc ad943d 23 1 127
fb76be4f 8e87f5 14 1 0
82b3e936 606e39 3 0 -128
57c89d9d d3dece 14 0 127
5b5b3273 ab4e68 3 1 127
7562f084 7bb5e7 3 0 127
8ca793a1 108e2c 19 1 0
7b314bd5 8e65c5 18 0 127
3b4588a5 695836 31 0 127
0e0d5e96 6e4bf3 8 0 127
de0b14eb d44287 2 0 -128
e09e6314 21e066 19 0 -128
22db3a66 291338 13 0 127
b733352d 18e9e8 4 0 -128
42d72c33 74c8c0 18 0 127
f3e6c76b c5b54e 1 0 -128
c2d3aa51 3977ba 27 1 0
60802c43 572e77 26 0 127
8188714c 2dcc0d 23 0 -128
ad8310aa 885263 23 1 0
a1df4ffd a618c4 7 0 -128
28025c75 7aceb3 27 0 127
45c09d17 1582cf 3 1 127
c1d923b5 fcce70 24 1 0
7fad1311 ddb937 11 0 127
0d9f9f8c 6a4cf5 8 1 127
149bcd6f 6a165d 12 0 127
f8b1a6dd 00ef07 23 0 -128
5b7f097d 4ff62f 14 0 127
2ea28c6a 4a3afb 7 0 127
88559d52 ab8118 22 0 -128
16c87454 d44667 17 1 127
474805ff 6a7eab 13 1 127
59bb7a64 b2ae8d 21 0 127
bcbdf246 16ed23 30 0 -128
f1182ed7 fda2c8 11 1 0
dc9e4c0a b2eb11 11 0 -128
e7826eaf 949fa7 2 1 0
f1d77a65 b500d0 17 0 -128
586075b6 b463af 16 0 127
83af6d38 97304e 7 0 -128
40423e98 c2cc35 13 1 127
9aa3dbdb 40d720 9 0 -128
3033e808 7876dd 29 1 127
eea316de bb54f4 16 1 0
3a64043b dd3a33 5 0 127
45a545e6 2dd16d 0 1 127
0bcc4593 26b2a5 14 1 127
b016dd11 97fdf6 9 1 0
e3042461 58580c 18 0 -128
c1bc77f0 c2c3d7 17 1 0
87c98564 624518 2 1 0
a24e62b4 4a23f9 16 1 0
33afa552 44f69f 24 1 127
f19610c8 1bc7a5 8 1 0
cdd067a4 d99062 14 0 -128
0254a626 b6cdea 4 0 127
f2bd502b 86d8fb 14 0 -128
0013dddb a7a205 11 1 127
951f3f4d 38b36c 21 0 -128
051c81d2 65facf 3 1 127
7fa78815 5bf793 0 1 127
8b302303 888774 14 1 0
d8f13028 88b121 22 0 -128
704c79cb beec83 7 1 127
a47995e5 8531c4 19 1 0
f322e5c7 0410ee 25 1 0
d55a534b 3a0845 5 1 0
1f86e68f ed4b13 27 1 127
d1efc72b 9728e1 21 0 -128
6c38c9bf d07919 16 0 127
5efa45f6 fbe847 28 0 127
fcdab88d fc81a9 11 0 -128
50dc35af 3891d1 18 1 127
1cb1c819 26a79e 27 0 127
0d6d4d40 e0b208 6 0 127
d279b511 9bac55 14 1 0
8a16a66d 82e902 15 0 -128
a8cfd38f cc0b9f 9 0 -128
19440bba 63b819 7 1 127
6b92a7da a2c022 25 1 127
94e3d7ae ec6b2f 27 1 0
abab1435 059ca7 23 0 -128
8ec4937a 67c0d9 6 0 -128
9a4b1103 7743ed 19 1 0
81b3c939 d6c0f7 16 0 -128
dac11e5e fce0b4 9 0 -128
61af0edf 511ee7 2 0 127
6a437730 6cbacc 27 1 127
d9f975ff f60ae9 14 0 -128
10826881 f0308f 18 1 127
e01e96d8 daa965 2 1 0
5ea92bf6 a095e2 22 0 127
042e190e bc8844 14 0 127
5acc9058 3c9e87 7 0 127
622eae9b 70c26b 2 1 127
685be863 3d02b7 19 1 127
9b50ece8 ba2a77 6 1 0
b19d2a50 9ca83d 5 0 -128
848658ee e404bb 24 1 0
3f959371 43a7e7 12 1 127
58784130 004d5b 25 0 127
ed19679b 6dc5eb 16 1 0
d15d607e 28cb64 22 1 0
b35c54eb e5adeb 23 0 -128
feccc0ce 24a246 21 0 -128
279f0f16 9c17c7 0 1 127
64a26a62 c80834 7 0 127
23e44694 5572df 18 0 127
3ade900c 596d8d 24 0 127
7cf06f66 15e5f9 3 1 127
fa7e947e b4ebed 8 0 -128
a64c10fe d67815 2 1 0
9667278c c51ee5 0 1 0
466606b3 cb3bf7 17 1 127
8d1e7d17 83d482 19 0 -128
f36873df 83db8c 27 0 -128
9196583e dbded4 30 0 -128
266fc08d e79b87 3 1 127
217c3f99 55bb87 13 0 127
fb3f3071 10f845 19 1 0
8be7c510 70a451 20 1 0
5460a9eb 473862 18 1 127
1d069fcb f98a9b 9 0 127
d010d0ec e70032 24 0 -128
c857a4f9 a49aed 5 0 -128
e3be679c 362638 9 1 0
58504f24 dfbe67 4 0 127
ef7b93bd 6a39a6 15 0 -128
b9d4311e d0a6b0 9 1 0
88c98648 b44f1d 11 1 0
a58168e2 dd39d7 18 1 0
0b50bcba c3a0b1 12 1 127
16ffcd6f 8ad1fc 28 1 127
55e98bb9 e331ce 24 0 127
3a91e8c4 55d347 14 0 127
cd1b5cb6 08f404 14 1 0
f3be6fe3 6dccd5 30 1 0
b54d53f3 bad5df 24 0 -128
723d03df e2564c 27 0 127
8e64da20 c78c79 2 1 0
d5c218d2 46475e 15 0 -128
4915a10d e1c84b 17 1 127
7bb42abf 7633ef 31 0 127
8e979b82 e94b50 2 1 0
9fc56031 1947f3 25 1 0
5862ca26 9247a7 28 0 127
a0777549 3b7782 19 0 -128
28798bca ce0b0d 0 1 127
0bbba69d 147258 8 0 127
8d1be94e 9b45f4 19 1 0
b2050950 2c8531 7 1 0
6219f2c2 8e59f7 10 1 127
8863d96a 7b8c4f 7 0 -128
2825e4fd f42e49 31 1 127
154a9a77 3b2887 12 1 127
bcd40886 86031d 9 0 -128
6ef7c022 bd4186 2 0 127
b9166616 ad74f7 6 0 -128
5ea99ef9 b43235 22 1 127
eadd1040 790473 18 1 0
ac8dae7f e9f16e 13 1 0
6c084193 8fcdfa 4 1 127
67b60893 7e7741 24 1 127
c0493f2d 04d7f6 22 1 0
4e38cb8c fa477a 17 0 127
7fb10904 576108 11 0 127
8231a1a0 d72c56 15 0 -128
bd02c556 fb7749 22 1 0
3b6cd4c5 535216 17 0 127
fb61ae5b e351cb 0 1 0
7c162c4e 2a2d3f 21 1 127
1eb71ccd 88846a 18 1 127
bf3e5c15 a7c910 11 0 -128
7abe78d2 3b922b 18 0 127
74475b69 7b207b 4 1 127
8d2a7e66 82caa4 16 0 -128
6014d8d1 b8959d 25 1 127
33b0a9fe 8e74b9 1 1 127
a2ed3b9e cd1e6a 17 1 0
ebe8d022 c66d43 15 1 0
2f4bcfec 1fe5b9 20 0 127
6aaf809a 59a1fa 25 0 127
6a6273ad e771cb 31 0 127
ec7de7df 5b206c 30 0 -128
9faed5f6 cfcf04 13 0 -128
6a219bd2 52989f 5 1 127
f2594dd3 72b23f 3 1 0
1d4a6f6f ec97e4 19 0 127
37a8d278 2c0d8f 22 1 127
cc07fc3c 4f680f 1 0 -128
46bf9317 75c46d 29 1 127
5c6ac769 cedbbb 5 0 127
30b958a7 1494f7 18 0 127
3f3c5060 c1043c 23 1 127
b53bcc31 f4cf26 9 0 -128
448fea65 137c72 15 1 127
d33b5546 d796d2 5 0 -128
b8496e1d e623c4 8 0 -128
67bbc24f cc16be 21 0 127
6198cd58 44f6c5 12 0 127
c0eb5d4f c779b3 1 0 -128
46abb061 ea8316 15 1 127
ffae4ecc 679f7b 25 1 0
bda41827 bc145d 23 0 -128
90fb4782 ec4ebc 9 1 0
fa6ab82f 116307 0 0 -128
f2d1cb56 29ce9e 7 0 -128
829964d7 9aecb2 14 1 0
96cf8c6e e54ce2 15 1 0
744ed413 01f23c 17 0 127
f18d5a82 96a59e 8 1 0
a1683cb0 3958c2 1 1 0
1d41c430 955532 30 1 127
69cdd174 db801f 4 1 127
f0d54bd3 c434f3 12 1 0
74518807 ac553c 21 0 127
379d7f67 4b16d7 27 0 127
02c622df 9f73c3 15 1 127
9bae647a f29506 21 1 0
cf91eff6 58a64d 22 1 0
ffe781c9 e856d8 26 0 -128
207bc987 15bfca 29 0 127
9834ca67 0e825d 0 0 -128
7c0a678d 8ac1f3 16 0 127
a57d4c3d 92737d 21 1 0
a0c96e8a 368049 14 1 0
fb81486e e33712 13 0 -128
1541d046 c30ddc 8 1 127
970df79f 37a26c 26 0 -128
6acf84fb b833e2 25 0 127
bc167ec2 464219 8 1 0
7a4454d8 e12c81 25 0 127
2828bdf9 cf5c77 14 0 127
5b0310f2 9119b9 6 1 127
2e416b4b ed335d 30 0 127
77e9da22 22a1aa 29 1 127
a0434e46 bd3747 30 0 -128
17f143ae 40f454 7 1 127
d31ef6bd 39232f 2 0 -128
ef073728 012a69 14 0 -128
2adc119a 0fcdb8 7 0 127
e31dee6d 3e347e 17 1 0
88a01e22 6870d3 17 1 0
c037aabc cb8e4a 24 0 -128
f94a4a10 83bf16 20 1 0
27b9c105 b9efbb 9 1 127
f267bf7d 71d6ca 10 1 0
3a6e7c7f 79ad3a 14 0 127
55091504 f791af 5 1 127
f9d7e683 ebf9eb 21 0 -128
046ce037 99d1c1 1 1 127
a81159a8 85eafb 0 1 0
73dfa5fa 1349f4 5 1 127
0f1bc907 86f8c5 5 1 127
1372db87 076d44 20 0 127
42733858 1cc579 17 0 127
6295f4a6 c590b3 10 1 127
59d3d8f2 34ff69 9 1 127
f7f89ccb f769c3 0 1 0
b66c14a9 7ff036 18 0 -128
1de8a445 dbe641 30 0 127
72c00e0c c116ad 5 0 127
5e80fca2 b28432 0 0 127
5df7d6dc eb4e38 29 0 127
6e6b49d4 ad082a 29 0 127
3315024f bff4a0 14 0 127
e684d4d0 0ae6cd 29 0 -128
f0e35dc8 6f4bbf 18 0 -128
dd2a77b6 e6591b 0 0 -128
7a1d607a 8151f6 27 0 127
40f621ae 53dab9 6 1 127
16aa9b9b fe1621 15 1 127
61381878 2716e5 28 0 127
dc7c9a9a 576fd2 10 0 -128
cc26ed8c 89a64b 2 0 -128
e93a522b 2ef438 0 1 0
21ae9631 46bcfc 21 1 127
c41b65ad 7006d7 8 1 0
37ffdf9f d7da67 30 0 127
802645d1 244aea 15 0 -128
b9f27823 86d905 24 0 -128
bafb7576 50f1ca 15 1 0
156ecf51 cc5dca 15 0 127
64cd5a4e 14404a 12 1 127
60a06bb4 adfd06 15 1 127
a1449839 f92fc7 7 1 0
74b45e5f e43c7b 25 0 127
9d3e2544 1cfeb1 16 0 -128
c06a564a 566818 18 1 0
6ef18bb6 3052ce 15 1 127
c7fed8d8 d2d67c 8 0 -128
b4f76c0d 47a575 8 1 0
144c359b 92fee6 27 1 127
fff8df1d c16ebb 0 1 0
e0e53e48 ee96ff 16 0 -128
1234a384 45541d 3 1 127
7362dcbe 5993c1 19 0 127
37cc0bf7 d4dac9 9 1 127
4eb7becc fbe290 5 0 127
bbd86f80 8cdf59 11 1 0
685de9ec 6643c7 18 0 127
ce0428ad 69f326 5 0 -128
fe1c9a98 bfc9fb 14 1 0
4aff6094 acda0b 7 1 127
53c26b6b 13d835 22 0 127
5ab6c708 e4a5ae 9 0 127
bdbca61d d1bfea 19 1 0
d1f3f116 ab16f4 16 0 -128
e7862055 63c15b 28 0 -128
4dfefb53 c64c99 0 0 127
cae0780c b42fca 4 1 0
8bd96a21 8d1bc4 12 0 -128
e4804a6f b3c2f9 1 1 0
e2249422 9c0ee4 29 1 0
4289cf40 839f82 17 0 127
9317b9a0 79179d 18 1 0
ca3b605e a32e03 20 0 -128
08c6f20e 19206f 18 1 127
5ec1d861 ad5675 4 0 127
daf66319 690cc3 23 0 -128
987823d5 78518d 14 0 -128
a0128da8 367b64 18 0 -128
f294f406 0108d1 23 0 -128
d9dd880b 6c4de5 23 1 0
dac4253d 562522 27 1 0
6c7a8dd3 6ccc7c 6 1 127
aad41659 6fed64 24 0 -128
dd6a018a f6761c 9 1 0
20d55756 27fa96 31 1 127
aa54a7c2 757bca 2 0 -128
8277026b a02406 16 1 0
e2182cd0 a6be4a 28 0 -128
376d3ebd e57f67 20 0 127
934051df 1b07bc 26 0 -128
cd4d948f 62c9d4 21 1 0
9b28e5d2 13435a 0 1 0
2bc8fef9 c64219 5 1 127
409fd761 86298d 28 0 127
af3115a0 d351e7 1 1 0
82b95192 5a4770 23 0 -128
62d167f5 bab8e7 15 0 127
abc8727f e5f352 26 1 0
cd3c87ba 75a16a 21 1 0
409c7cd9 f68e3b 21 0 127
c098a4ba 2c045d 1 0 -128
f5cbf920 08919b 18 0 -128
339347c6 5095e6 22 0 127
4e0592af b9ed1b 27 1 127
8cc91e90 b2aafd 19 0 -128
44491ff9 0f74a2 11 0 127
35a0c0b9 7e6395 13 0 127
8282ab50 0016e3 10 0 -128
e4171494 a5a334 24 0 -128
7a843cdc c8e893 2 0 127
cf94fa69 4cd4fc 5 0 -128
cac40c7c 913547 15 0 -128
55fee2e4 b1cab5 4 1 127
cc8c0323 603e5a 13 0 -128
d3ac49fd aad2ba 9 1 0
c761bca9 0d160a 10 0 -128
d9d78c2a 64d7f5 19 1 0
859d358a 562fb1 25 0 -128
df24fc25 0716f1 0 0 -128
7a00ad62 54e9f5 0 0 127
ddccba5b 6a49ad 11 1 0
5589c777 1f5f13 21 0 127
caab70bc 068121 14 1 0
5e673a6f 59f766 10 1 127
d579a8f3 da4da0 5 1 0
9eb2107a 1428e6 27 0 -128
4166823f 8088f5 1 1 127
e659ede4 e5dbbc 29 0 -128
4b96d0be 8770c4 16 0 127
c1e9d1bd 3eb915 17 1 0
244e6547 8c9cfd 1 1 127
54a26f3f d4620b 4 1 127
a3e18991 bb8a0a 12 0 -128
5e83b777 57bd6c 4 1 127
56508ce8 32fc5a 27 1 127
52222151 d65621 0 0 127
b2eba71b bc5def 11 0 -128
0ab2a450 530a27 6 0 127
e241c8a4 16f850 30 0 -128
1ef385c4 6f4746 5 0 127
d65bf1b2 359872 0 0 -128
7b919c03 ee58f2 6 1 127
25294ef7 aaa662 18 0 127
cd3521d3 2fff59 31 1 0
56af0825 fe5c32 7 1 127
e0a2e431 ec4775 30 1 0
da265503 fa1e5d 9 0 -128
47054f03 4878e0 19 0 127
db7fdd80 d82a2b 29 1 0
55991214 8a253d 0 1 127
d8f1684e 1416a5 1 1 0
53255d3e 8d13f6 13 0 127
5513623b 01b72e 19 0 127
cc6bfad6 612716 26 0 -128
fa3387c4 48e4b1 11 1 0
9a9127e2 e596b8 2 0 -128
c1e69e89 bc7af0 30 1 0
6482e034 4509a9 7 1 127
0dc3a2bb 2fb9e4 17 1 127
8b4410a2 1134e3 28 1 0
de3dcc89 f074d1 8 1 0
fb4e44da 3a68ae 5 1 0
23ebf31c b4df73 1 0 127
619ba709 ff7ff1 20 1 127
687a3a7e 64379b 21 1 127
97e3f203 1b7dce 25 0 -128
2ce9d242 0644bb 6 1 127
83c4db3d d4710f 31 1 0
ede2bf7e 1bacef 17 0 -128
e8906f0c c7a784 3 1 0
28ebe6c5 482746 10 1 127
bb05224e af3f04 7 1 0
5b24f1af b4a89c 7 1 127
aa76b4e7 f798b6 22 1 0
d1e0687a df3fdc 25 1 0
fd020c19 7572a8 6 0 -128
9cec6ef7 ab650d 8 1 0
e542fc6d 28cfbc 27 0 -128
9546223a 005e39 28 1 0
ca97ef64 13826b 1 0 -128
13e7bc56 bf0375 25 0 127
7eedaecf c4ec8d 1 1 127
bc0b7509 38a40b 31 1 0
e474b6e1 e756eb 30 1 0
abb07e07 624471 16 1 0
495cc0eb bfd7a1 30 1 127
1f2c4e1a 8c9f31 20 0 127
ada92ad6 d286df 22 0 -128
d570cc9c f97c30 13 0 -128
2a269b29 d13a6d 14 1 127
742d71b8 778f3c 6 0 127
957e552f 4a8869 12 1 0
29602143 919c8e 6 0 127
fe35b6ee 1b99e5 6 1 0
aef6aa0d b7e65b 26 1 0
eb6793ec 06ad3a 6 1 0
a05dac68 ee5547 1 1 0
a48ea92d 7a37a4 23 0 -128
18aa0560 8a03a3 20 1 127
75ae6c80 5154e1 12 1 127
e2ad3c32 8ce9da 18 1 0
d5467584 6429ad 23 0 -128
b997e247 fcbe07 11 0 -128
352bd924 410053 1 0 127
27266470 f364de 24 1 127
9885b261 d443a1 23 1 0
08a4bbe3 dcfe14 24 0 127
9dda7bcd dac03c 3 1 0
88457ad8 4cc1b6 6 1 0
cec0aa0e 628ad7 18 1 0
ba6842cf 124e26 30 1 0
fec745a2 1381da 10 1 0
b2e2ef5e 36bee4 31 1 0
e84868bd 726566 28 1 0
123ee593 497bf4 7 0 127
1554eb76 38520f 15 1 127
b007c49e df492e 18 0 -128
4ba8b4f0 81a195 24 0 127
f9242f44 5adbb2 31 0 -128
5d331add 0a2249 10 0 127
af7227b9 7efd46 19 0 -128
69a64205 b94ef3 19 1 127
91470f38 19e5e6 13 1 0
928274e5 e90f2b 29 0 -128
77b19419 a25e4b 29 0 127
04b7cd65 0d2b00 7 0 127
106ae7c7 582b3d 14 1 127
20cac8b2 4961a7 30 0 127
c72dda29 f40d7a 0 1 0
1efb6a11 e07f29 3 1 127
1ff28b9d f97263 20 0 127
cf8fdc65 52149f 5 1 0
57083d9c 57e563 24 0 127
560ff10a e7ade5 21 0 127
42741bce 8b6b8e 22 1 127
4ff1d0a3 832402 16 1 127
efc20e18 791618 9 0 -128
9e5813df e7dcc5 4 0 -128
a1d95e22 77a7c4 18 0 -128
15d259d9 a8be62 9 1 127
cff82ae6 f4841f 25 0 -128
2a2add51 b3ef78 27 1 127
7e426ba0 99ccdb 29 0 127
038b98e1 9b5143 18 0 127
5f6d0b8c 8b237b 21 0 127
2bb1f69d 95caa6 3 0 127
d73e48a8 7b2374 21 0 -128
c6c02ef3 d2c8e3 12 1 0
b669112b a66a2a 7 0 -128
4530a60e 2a4e30 8 1 127
8e343029 812d23 21 0 -128
8e966359 329cce 29 0 -128
ad5c6bf8 dcca90 2 0 -128
136c7e9a ea5958 22 1 127
b5b777af 74982b 9 0 -128
adb321f8 ad305b 3 1 0
9b071700 b4bed1 20 1 0
26726707 909b50 30 0 127
5865213b f28c29 26 1 127
0d15e70c 78326f 26 1 127
90d73e55 742e0f 6 1 0
8098ec0b db0260 29 0 -128
26382aa2 b13e78 21 0 127
772860b8 3e9cf7 23 1 127
2daa621c 87afb5 20 1 127
224e153d ff835f 5 1 127
587a751d b17bd9 6 1 127
3e92a8d8 2f1981 7 1 127
3d0fabd9 480acb 29 0 127
9f865b7f 988ff2 14 0 -128
aeb51ff5 e7f8d7 7 1 0
b27e1b4c 801fbc 16 1 0
a9fcddd2 f367bf 7 0 -128
17329421 7f30ef 18 0 127
afac06a7 0b5f9e 26 0 -128
ce6b207c 4f849d 11 0 -128
57d9dfa7 10b755 0 0 127
1d8369bc 7ba498 10 0 127
10f85c8b dc1980 23 1 127
0b845472 ce7a8c 22 1 127
fe00a453 6d4997 1 1 0
80bfaa52 7a4679 17 0 -128
ec55d466 14a13e 8 0 -128
22778d46 9b98b3 18 1 127
eb260ded 4b5743 6 1 0
8b6d29d3 013e54 2 0 -128
095924d8 8186ef 4 1 127
7f8aa6e1 92b4e6 1 0 127
ce36834d df6ff4 19 0 -128
bd31df96 a524c0 27 1 0
0dfe6024 53cb77 12 0 127
4ce5426d c39b77 25 0 127
36fd6a0e 14c2c9 24 0 127
171baccc 5c5451 16 0 127
cb9128a6 bdd585 31 1 0
af80e0eb 621321 19 0 -128
40f46cca 8ba3a1 15 0 127
03bb171e b9c369 13 0 127
5d8e7491 d925bc 14 1 127
5b134d5d 047874 29 1 127
fc3f3801 dafcb6 23 1 0
e38dff1e b94854 16 0 -128
61ec4591 267af4 1 0 127
3746a360 865cab 19 1 127
39ee00e3 208cfb 22 0 127
c8ac704f 7b6245 3 0 -128
f705e470 3693b7 9 0 -128
22165107 acaff4 21 1 127
91462ada e83a8a 3 0 -128
f23bc40e 90a8f3 29 1 0
3f22d680 fd3107 31 1 127
c0c7fcbd 91b33b 5 0 -128
f74c3c35 53d368 0 1 0
bae837b9 57fa09 6 1 0
121714c8 053cab 13 0 127
6f5f79ef cbe013 17 1 127
99ea87c9 1da448 23 0 -128
22bd699b 5b5b99 21 1 127
4a8ba22e 81955d 29 1 127
0ec62f31 708d70 28 1 127
b5d85969 764d3a 1 0 -128
b3066cf7 f9056e 28 1 0
8984e7b0 9c25d2 12 0 -128
efb69180 a20ae2 11 0 -128
6970b059 61751f 3 0 127
e1835ac9 8ac651 11 1 0
71458089 75d027 11 0 127
d6764651 2ba113 25 0 -128
0b352668 2027b4 21 1 127
3079ef51 c0d3b8 16 0 127
bb3a2a5f b5170a 8 1 0
b7968e29 5d4d04 26 1 0
2f0ad486 e736b1 17 1 127
205c242e 858a47 17 0 127
47f55f6f 92c58c 20 0 127
f966e619 463f29 16 0 -128
f9668117 8011f4 15 0 -128
a99e9476 a37cd7 10 1 0
217612da 17b005 20 1 127
bc47812f 6d575b 16 1 0
032a983c 95b46e 9 1 127
01945a3c 79db45 28 0 127
4620933f 2b8c42 27 0 127
ec8f3155 57aeff 29 0 -128
4a509cb7 559530 22 1 127
834bb4b2 d09912 3 1 0
f305fa03 1048b4 29 1 0
03e22114 8fea95 6 0 127
9ce37763 a7fa6b 9 0 -128
e9da204b 8dc4ad 16 1 0
64e76c80 6f565c 0 0 127
4c074997 d69c5e 14 0 127
df566f96 a84da6 5 0 -128
73c2f0e0 fb5cf4 2 0 127
75174924 a5a78d 25 1 127
6e836c41 1eae9b 8 0 127
8302ca54 7ae874 11 0 -128
9a9f4a29 852ad7 13 0 -128
25c39683 02f3b1 14 0 127
33cb7b53 a44dc3 17 1 127
4de0d7ba 04c988 3 1 127
74d3f3ff 2ffad0 4 1 127
44a6dc07 7462a1 21 0 127
19542f7f 7ef90c 24 1 127
7ebf74e6 3ceecd 21 1 127
25834bc0 06c135 14 1 127
67edc3a3 6c9854 6 1 127
28646b32 83a2c9 14 0 127
80d291c7 b697c5 26 1 0
31187378 ab332d 8 0 127
64b41cb2 9fc4bd 12 0 127
de3c32e9 d3a1c9 22 0 -128
dfb0d8a1 3949ff 29 1 0
c1a509e1 2e2d4b 11 1 0
af3d84bc b7c46b 23 1 0
2ded7a1c 78fb90 10 0 127
589df6e4 0027d4 22 1 127
ceb8cd21 4dc724 21 0 -128
f9ff3774 aa50b7 26 1 0
7392fac1 2a7785 7 0 127
08ecc697 5de0f3 24 1 127
6f5aa677 b9d298 29 1 127
5ef4efa7 495110 25 0 127
b50c70c7 90cf6e 18 0 -128
73aeadb7 8a6b27 28 0 127
b6b87d25 40c4ed 29 1 0
6eb58a4c 496695 13 0 127
b02918de 54a879 21 0 -128
8720af88 bbf976 24 1 0
0975bc2d aadb4a 1 0 127
1a35ab5d 18812f 19 1 127
908e0e0a 7d8adf 1 1 0
3d3a9818 3162ef 18 0 127
11216bbe fae1fd 11 0 127
0b0ac363 2893da 18 0 127
5abba526 63b22d 24 0 127
0952172c 3c6244 17 1 127
76061bf7 be2920 22 0 127
f727e0a1 b7af42 30 1 0
6541099d 8e87d0 7 0 127
bf6bed5b 784106 7 1 0
0694d9e2 c956e8 19 1 127
4f60550a ae63ad 28 0 127
242fdc29 0b11c9 3 0 127
63246a27 bb36f8 28 0 127
08921a65 0cf6e5 10 1 127
1938d305 5e44bd 10 0 127
2bfe3093 f64b3a 6 0 127
801a28f8 f67bf1 8 1 0
b06f751a e1b93f 19 1 0
2baa0aa3 88f229 8 0 127
00be1ef8 506f46 5 1 127
5b30c033 1515bf 29 1 127
6fb7f813 b0f65a 13 1 127
78944183 ab3878 29 0 127
e3623085 861127 12 1 0
a8872c0a e45fcf 22 0 -128
0eaa8d98 bda193 12 0 127
e51bd925 375874 20 1 0
c9ad8e43 809217 28 1 0
4de3d277 ceff4e 12 0 127
b862155b 57fe62 14 0 -128
3cbc62b2 b88f92 20 0 127
33b2494c 136611 20 1 127
8767175d 1568ec 29 1 0
b52dacd5 16dc62 25 0 -128
a5838b80 1d9cc1 30 0 -128
138eb987 323d15 29 0 127
02f6351c d499f5 21 1 127
cd18e6af 534349 7 0 -128
68d3d911 81a54f 28 0 127
6f474f8f ec70ef 19 1 127
14aa3731 9a2a1c 31 0 127
d43418a7 c83ded 18 1 0
c0ab7aed 6228a5 14 0 -128
4c877b0c 7c5a3f 18 1 127
9726e6c8 6977bf 13 1 0
e416c1ee c04011 5 0 -128
aa62ee3b fa993e 24 0 -128
4a865ec7 ec29f9 13 1 127
e86f4e68 830bb2 20 1 0
20ceb356 9f66e2 30 0 127
4f9d778e ec1d3c 24 0 127
52e3dd46 f70b6b 8 1 127
663437ba dc7cb5 2 0 127
a8b0cf6d 807c31 15 0 -128
6c532021 cda398 4 1 127
68f13ed2 a05e1e 4 0 127
bffdaee4 135c51 1 1 0
7fbdac1c 533fab 25 1 127
764d4b95 bd138e 18 0 127
926aec67 7ac3f5 6 0 -128
4588a33b c4e99b 17 1 127
8136151b 2b4a52 18 1 0
9d396e14 0d2c2c 11 0 -128
e7a3b6f2 09334c 27 1 0
5a0d15de 6f6683 31 1 127
f431444f 9eac48 6 1 0
4bbd4d47 a90678 11 0 127
1cfa7df2 10dc73 1 1 127
b6b6553c c0268e 19 1 0
3b0828d5 06707d 5 0 127
be6120f1 75766c 11 0 -128
26142b9f 105c3d 20 1 127
acfe7efb 7c5411 2 0 -128
364c4680 46bb0b 20 0 127
64fa0efd 7d7c05 3 1 127
d539f620 b34f34 30 0 -128
b3660cea f7eb30 3 1 0
70f90413 d3d45c 19 1 127
05a4c1a8 c3776a 19 0 127
27870c96 485e80 30 1 127
a1238ec2 083a46 27 1 0
f7fa5d18 c6754e 17 0 -128
28e83766 a86706 2 0 127
c50c5c83 d19a03 1 1 0
9faecfa7 cfa891 21 1 0
38f74ccf 94a14a 18 1 127
94ad8469 369935 31 1 0
9d347f22 18fd7f 1 1 0
b0681e42 390dee 12 0 -128
bb3618b4 80d6a1 6 0 -128
0c8c1748 a3749d 24 1 127
7631c70d 9bdab3 5 1 127
97a07d1a a663a6 10 0 -128
aba02375 642267 25 0 -128
5dda421e 044f5c 28 1 127
1e2604fe efcfe4 17 1 127
feeef661 4c5e12 27 1 0
fae2a28a c56c68 14 0 -128
81dcb074 b30907 6 1 0
1f95c96e 019b60 6 0 127
d7d22d33 069d3a 6 1 0
cc812bda cb39dd 17 0 -128
4bd63ccc 8d2b66 9 0 127
5b4f1204 df3e89 3 0 127
79c7d399 5f3bd7 18 1 127
2d79f38f 0f8ab6 14 1 127
cff95bd8 af28b7 17 1 0
7c6531e9 3f79c6 5 1 127
942a36db 160a6e 1 0 -128
b2ef9250 f638b2 21 1 0
2f26c3f4 cd4187 1 0 127
0f5ed9a1 35fc37 17 0 127
b37b8f16 934ef4 28 0 -128
66a367f2 f9eab5 11 0 127
dbfd88f0 63e26b 10 1 0
df47c474 27fb44 28 0 -128
65ccf1e0 c906da 21 1 127
2a30831b d2d99a 27 0 127
2e5d75bd fa6154 9 1 127
8548d4b5 355c73 24 1 0
3bd80d85 3a80e7 12 1 127
67cc88a6 c7c4b1 30 1 127
919d2b66 a63fb6 24 0 -128
202cf066 7488f7 23 1 127
861b3f6f c18427 10 0 -128
b1e9f59e b728e3 10 0 -128
b3543137 d2242e 12 1 0
652b72b3 d086fc 5 0 127
fdf9a52a a7d42e 0 0 -128
fa95a1b6 78c1dc 15 0 -128
5a641e67 d4ced2 27 1 127
46eb8efe d26e69 15 1 127
58be4ee6 4f8e32 9 0 127
7661f978 977785 7 1 127
43ad5ea0 d7ca35 13 1 127
650ddb5b fc89d9 7 1 127
b0c4dabd 408af2 5 0 -128
690ed37e de34cf 22 0 127
d1e05e65 bb7c2d 6 1 0
454568a3 efd120 24 1 127
aa99edec 5005ff 18 0 -128
1d90cefd 79b487 13 0 127
02cbaf67 1ffe5e 21 1 127
092871bd 759dfc 27 0 127
0bab410e 2cebb7 11 1 127
ab8872f8 f8f852 5 0 -128
9c263b73 8f52a5 9 0 -128
67c490ae 349bd0 5 1 127
bbb69785 1b232a 2 0 -128
5164fc23 1066f1 16 0 127
92830d1b 126ab1 11 0 -128
b13b4b6a 5e8f39 8 1 0
fd066d16 1c09e7 9 1 0
09c5c394 ef4b88 27 1 127
6515a621 f45842 9 0 127
186004bf 1efebe 8 0 127
29af32de 66444c 23 0 127
bea8ca16 e9ece0 25 0 -128
3a936be4 69d946 6 0 127
5a8f03bb b3a6cb 22 1 127
0e6daf18 ad0cbf 14 0 127
67140243 d308ea 0 1 127
843ffde7 59497b 18 1 0
dc125b0e f8db52 4 1 0
cffa87e3 dcf7ac 8 0 -128
f6fc8968 9f8815 18 0 -128
4be8755f a88a77 20 1 127
fb266b52 bfb1a2 17 1 0
595131f3 4a97ac 29 0 127
3e0ad1a1 9a0e61 22 1 127
8104d458 f1060b 6 1 0
76c1a4a7 d680cc 13 0 127
16985132 445224 1 0 127
bad8b09e 6990ab 7 1 0
5ab4c5bf ed19a4 12 1 127
c68cdec8 cc7e7b 0 1 0
d8841f92 b5fb93 4 1 0
8866900e 908450 11 0 -128
43258381 916ff8 21 0 127
ff330c36 47a215 18 1 0
bfbdd7f3 a5db3b 12 1 0
c690af1d d0be4c 22 1 0
a7c961ff d28dda 4 0 -128
4da1d4e0 13d68a 20 0 127
19914050 3135cb 2 0 127
c890c4ed 137226 10 0 -128
2f288b1c 31b5ff 13 0 127
2fd75d21 cac4b9 19 1 127
c575654a 5726a5 23 1 0
cfb65159 8f84d1 11 1 0
5f122d54 5912ed 19 1 127
eecc190a 99d80a 28 0 -128
f3d7552d 0bd5e8 25 1 0
69688bf1 b9d09f 30 1 127
5d501fa7 a1e122 15 0 127
789e02af 8d4be9 14 0 127
0bfbf430 23ae58 17 0 127
4c955835 f4d09f 26 0 127
5df90acc 4d2cde 23 0 127
0aae8550 daa832 13 0 127
a9cf3f0f 269404 1 1 0
59455e35 c5cca6 0 1 127
545d90ce 7cea4b 7 1 127
61e1475a bf982d 30 1 127
a0ea6017 c80663 5 0 -128
3b0b862d de23ef 25 1 127
76b2cde3 ed4604 2 0 127
704ab15f 185f37 7 1 127
b90924ae e655ab 23 0 -128
66c92bf3 be3a6c 19 1 127
fa390c5c ac2fd6 10 1 0
5671b551 a55681 6 1 127
8ae86e3c daa820 17 0 -128
f9a3e5f2 77b573 8 0 -128
30bf078c d79250 5 0 127
0fe971c4 778d5f 3 0 127
acf33701 8ff796 20 0 -128
0b357843 2bbf3c 8 1 127
e84fce97 84e83e 14 0 -128
aea30b74 febb56 3 0 -128
580fc62c ab1308 20 1 127
ff8dcbb4 cf4ccf 31 0 -128
4fe9146f 282ac3 19 0 127
